9.94 217.88 1477.71 3.0 1147.0 4.0
8.07 527.23 1842.16 0.0 292.0 9.0
11.03 644.73 2244.48 3.0 600.0 4.0
20.78 339.3 1693.8 1.0 1362.0 3.0
18.22 407.51 1627.57 0.0 912.0 4.0
19.76 420.08 1595.84 0.0 95.0 8.0
13.38 637.63 1928.9 0.0 1281.0 6.0
12.83 251.82 1411.21 4.0 1613.0 5.0
13.77 663.77 1213.97 2.0 1324.0 4.0
8.44 470.99 1670.44 3.0 1598.0 3.0
12.75 313.02 1452.64 5.0 376.0 7.0
19.19 373.68 1023.66 3.0 957.0 8.0
10.06 602.36 1010.13 0.0 144.0 7.0
15.91 884.39 1414.87 3.0 660.0 4.0
11.05 524.94 2483.63 4.0 984.0 7.0
14.47 715.44 1504.86 3.0 1290.0 4.0
15.19 484.11 1430.91 2.0 1472.0 8.0
27.28 635.66 856.61 2.0 356.0 8.0
16.28 457.65 1659.52 2.0 1313.0 4.0
24.86 485.23 2309.26 5.0 994.0 8.0
14.66 356.35 2196.67 0.0 679.0 9.0
11.09 569.52 1859.75 4.0 1164.0 5.0
8.67 696.68 1864.43 0.0 891.0 6.0
19.52 617.45 1772.32 1.0 667.0 5.0
28.07 646.24 1170.48 0.0 1043.0 3.0
16.78 539.63 2028.01 5.0 518.0 9.0
26.05 612.86 1706.61 0.0 440.0 7.0
10.57 482.96 1604.7 2.0 716.0 5.0
13.61 340.95 1833.98 3.0 431.0 3.0
19.26 809.52 1489.05 3.0 279.0 7.0
13.83 799.21 1628.08 1.0 445.0 5.0
25.2 614.21 1740.84 1.0 552.0 5.0
19.67 240.3 1450.7 5.0 255.0 8.0
21.02 439.91 1391.07 3.0 614.0 7.0
17.2 411.81 1406.44 3.0 1401.0 3.0
19.86 678.94 1862.18 4.0 1172.0 6.0
13.2 394.29 1509.21 4.0 181.0 3.0
15.71 634.62 1586.59 3.0 1579.0 5.0
9.05 756.69 1487.4 4.0 767.0 7.0
18.51 485.72 1345.79 3.0 192.0 5.0
16.87 546.74 1790.81 4.0 333.0 5.0
13.78 608.37 1680.08 4.0 508.0 9.0
16.0 365.42 2063.19 3.0 885.0 9.0
14.41 400.69 1190.79 4.0 1303.0 8.0
14.93 518.18 1454.37 3.0 178.0 5.0
9.62 512.54 1238.04 3.0 1489.0 4.0
18.96 635.98 1336.16 0.0 671.0 5.0
21.01 414.47 1268.99 0.0 1446.0 3.0
10.75 359.76 526.72 4.0 905.0 4.0
27.44 552.75 1371.93 3.0 61.0 9.0
19.68 625.09 1567.47 4.0 1670.0 4.0
14.75 490.73 732.73 3.0 419.0 5.0
24.06 839.33 603.26 0.0 373.0 8.0
18.25 255.28 1022.86 3.0 303.0 7.0
14.92 385.6 1889.78 2.0 623.0 3.0
14.93 739.85 1390.61 4.0 733.0 9.0
19.62 450.66 1361.16 4.0 942.0 4.0
18.26 663.23 1287.07 2.0 308.0 7.0
25.13 300.74 996.47 5.0 1096.0 5.0
13.65 508.79 616.87 2.0 754.0 4.0
18.55 527.75 1082.5 4.0 1524.0 4.0
23.18 228.84 2616.49 2.0 949.0 6.0
20.5 457.8 1512.93 4.0 1326.0 4.0
19.99 481.98 1675.24 0.0 1051.0 5.0
24.69 245.0 1694.06 2.0 711.0 5.0
22.82 531.79 2405.14 4.0 1249.0 3.0
32.36 412.91 1235.64 2.0 283.0 6.0
13.75 430.48 1603.06 4.0 973.0 6.0
14.85 314.14 1434.44 4.0 1608.0 9.0
15.23 411.19 1245.28 0.0 1080.0 4.0
21.34 333.63 1067.68 2.0 1607.0 6.0
15.24 508.07 1883.47 4.0 1282.0 3.0
14.95 626.02 1181.05 0.0 779.0 3.0
18.11 458.56 1835.94 2.0 942.0 3.0
21.54 656.52 1682.01 0.0 1445.0 4.0
25.63 396.71 1490.54 4.0 472.0 8.0
24.31 323.99 1733.82 1.0 1628.0 6.0
24.03 328.29 1178.83 1.0 1373.0 6.0
18.48 564.89 1836.57 1.0 1072.0 8.0
10.38 489.29 1134.46 3.0 993.0 9.0
8.4 342.09 1274.54 0.0 789.0 6.0
6.72 476.89 1220.33 5.0 434.0 3.0
9.69 588.87 1284.75 2.0 837.0 9.0
11.34 97.86 1155.79 4.0 401.0 3.0
13.04 492.33 1430.84 3.0 200.0 3.0
9.87 593.45 1961.6 5.0 1162.0 7.0
17.5 500.08 1108.18 1.0 221.0 8.0
22.98 390.93 1465.75 1.0 1043.0 6.0
17.45 502.09 960.47 5.0 1009.0 5.0
23.04 299.73 899.8 2.0 76.0 9.0
22.74 359.05 1604.64 0.0 1605.0 6.0
24.61 628.01 2172.14 2.0 162.0 8.0
10.05 438.63 2324.65 0.0 416.0 7.0
26.31 813.47 1533.73 0.0 754.0 8.0
17.87 661.47 1328.95 4.0 872.0 7.0
9.78 686.81 1274.4 0.0 216.0 7.0
20.59 585.09 1542.55 2.0 852.0 6.0
12.47 349.76 783.24 3.0 650.0 6.0
22.75 553.81 1768.36 5.0 1700.0 6.0
14.59 436.37 1983.35 5.0 1063.0 4.0
17.64 677.17 1240.29 4.0 66.0 3.0
16.15 479.45 716.03 3.0 1021.0 7.0
25.39 484.29 1547.63 3.0 681.0 5.0
16.71 417.83 2113.98 1.0 1473.0 8.0
28.16 395.27 1676.83 4.0 826.0 9.0
18.32 492.88 1235.02 1.0 705.0 9.0
20.59 372.17 905.96 4.0 1139.0 9.0
25.8 575.52 975.0 0.0 305.0 3.0
15.66 677.58 1352.8 0.0 132.0 5.0
15.82 454.25 1972.77 2.0 300.0 8.0
18.89 623.38 1276.0 1.0 1260.0 4.0
18.93 583.06 1067.2 3.0 871.0 7.0
18.09 401.7 1450.32 1.0 186.0 3.0
9.67 621.63 1732.44 4.0 406.0 4.0
20.51 437.53 2332.26 4.0 1427.0 3.0
16.86 746.99 1518.9 4.0 570.0 4.0
12.99 401.42 1240.1 0.0 688.0 6.0
22.18 509.65 1250.3 4.0 1686.0 9.0
28.84 446.79 988.55 2.0 1557.0 8.0
16.8 441.87 1497.91 0.0 128.0 5.0
19.7 529.38 2195.18 0.0 1643.0 6.0
12.06 482.41 1147.18 0.0 1308.0 5.0
7.86 345.76 1117.09 4.0 111.0 3.0
20.17 334.48 1057.8 4.0 567.0 9.0
27.23 635.8 1708.26 0.0 1053.0 7.0
25.44 689.74 1760.48 4.0 207.0 5.0
12.6 343.7 433.26 3.0 1024.0 7.0
14.43 643.54 1346.75 3.0 1183.0 7.0
15.41 281.52 1111.78 5.0 867.0 5.0
20.33 226.8 1395.25 1.0 508.0 4.0
12.8 337.1 1801.2 4.0 1157.0 6.0
8.8 561.47 1563.56 1.0 699.0 4.0
16.83 519.76 1696.96 5.0 1582.0 5.0
25.27 549.44 2206.06 3.0 529.0 7.0
20.1 467.71 1201.29 3.0 1713.0 4.0
30.94 576.22 2204.65 0.0 1475.0 9.0
21.53 762.38 1561.82 4.0 469.0 8.0
18.89 598.68 1129.23 0.0 1447.0 5.0
9.7 479.0 839.39 0.0 1241.0 4.0
24.88 682.73 1195.92 0.0 393.0 9.0
6.53 651.29 2202.83 0.0 1319.0 6.0
19.36 213.81 2075.2 4.0 1120.0 9.0
7.18 780.75 1538.33 4.0 1112.0 3.0
17.86 405.21 1815.25 4.0 581.0 8.0
20.04 549.4 1351.73 3.0 290.0 7.0
20.51 468.61 1135.97 5.0 563.0 3.0
20.77 528.41 1439.12 4.0 550.0 8.0
26.55 559.81 1312.24 3.0 478.0 4.0
20.7 751.64 2067.33 4.0 484.0 8.0
18.54 473.38 1826.76 4.0 638.0 3.0
14.26 527.59 1510.81 0.0 1603.0 3.0
8.59 760.49 1170.78 2.0 1082.0 5.0
17.88 471.0 1209.56 3.0 540.0 8.0
13.55 498.87 1051.17 3.0 1109.0 5.0
12.04 407.77 1572.04 3.0 1284.0 3.0
11.11 247.85 1542.54 2.0 413.0 3.0
15.11 515.84 1686.17 4.0 433.0 4.0
16.23 529.87 1048.18 2.0 429.0 5.0
21.04 496.65 1684.07 0.0 51.0 9.0
24.21 368.14 1376.03 5.0 967.0 3.0
14.95 491.92 1219.44 0.0 113.0 8.0
14.18 626.14 1119.76 3.0 1031.0 5.0
17.34 394.12 2116.08 3.0 420.0 5.0
11.21 410.89 1296.68 5.0 603.0 4.0
19.19 543.12 1224.12 3.0 1667.0 8.0
18.44 548.75 1346.53 0.0 1038.0 6.0
21.88 543.95 1621.82 3.0 506.0 9.0
19.32 284.49 2390.95 4.0 453.0 5.0
14.15 541.13 1368.63 0.0 1245.0 7.0
11.07 746.65 1168.82 4.0 740.0 3.0
15.42 333.89 1669.59 4.0 1331.0 8.0
24.26 370.93 2045.9 1.0 1014.0 5.0
16.28 611.48 1366.76 4.0 125.0 8.0
10.44 540.93 1335.98 5.0 482.0 6.0
12.81 497.29 2020.09 4.0 425.0 9.0
13.82 367.43 1696.37 2.0 916.0 9.0
21.55 771.81 1420.42 4.0 1596.0 7.0
11.73 313.24 1335.48 4.0 1291.0 3.0
26.25 307.84 1535.3 1.0 1001.0 3.0
6.97 579.46 1366.33 0.0 325.0 7.0
17.67 456.29 1687.06 5.0 1136.0 8.0
28.2 491.7 2014.57 3.0 1200.0 9.0
24.83 413.39 1150.36 0.0 296.0 5.0
10.5 554.49 1366.65 4.0 1473.0 3.0
12.96 445.02 1832.18 0.0 1171.0 3.0
20.27 619.74 956.88 3.0 733.0 7.0
32.09 320.08 1457.49 4.0 102.0 3.0
21.02 355.73 1621.49 0.0 1191.0 6.0
28.38 565.29 794.82 3.0 608.0 8.0
25.42 384.69 1187.93 4.0 1104.0 9.0
17.9 138.17 1797.2 4.0 1292.0 8.0
22.79 444.89 1624.89 3.0 1168.0 9.0
8.78 626.16 1897.53 1.0 1610.0 6.0
18.94 494.52 1273.01 2.0 239.0 8.0
19.82 431.3 958.56 4.0 1087.0 5.0
8.71 352.49 1279.95 0.0 681.0 5.0
24.45 776.53 2128.62 3.0 486.0 5.0
25.12 429.02 1657.65 2.0 344.0 9.0
17.39 402.56 1475.77 2.0 1676.0 8.0
15.99 511.73 1698.82 4.0 668.0 5.0
