8.17 471.43 1149.14 3.0 952.0 5.0
13.57 390.24 1574.08 2.0 535.0 3.0
11.52 523.93 866.51 3.0 631.0 7.0
12.84 565.69 1191.17 5.0 498.0 8.0
21.02 521.42 1070.27 5.0 1548.0 3.0
14.58 196.64 981.01 0.0 195.0 5.0
20.04 364.33 1167.09 3.0 683.0 5.0
18.59 642.62 1510.64 0.0 1105.0 5.0
20.27 536.48 1482.26 2.0 1103.0 5.0
15.63 449.76 1513.4 3.0 1413.0 9.0
8.59 714.07 1382.58 0.0 749.0 7.0
10.81 268.1 1190.85 0.0 117.0 3.0
12.58 172.73 1079.4 0.0 225.0 9.0
24.73 580.03 2193.99 4.0 1686.0 6.0
17.62 363.4 1574.01 5.0 1198.0 5.0
10.22 568.79 1998.91 4.0 1227.0 8.0
8.63 702.5 2057.92 3.0 1402.0 3.0
12.13 389.31 1186.69 3.0 272.0 7.0
17.92 564.67 1407.14 2.0 1134.0 6.0
28.73 335.69 1360.58 2.0 798.0 6.0
31.41 620.51 1103.5 4.0 135.0 9.0
19.34 475.22 1708.68 4.0 536.0 3.0
9.38 544.96 1949.31 0.0 1529.0 6.0
24.64 473.35 1500.18 0.0 1554.0 9.0
24.06 407.31 1280.74 4.0 325.0 3.0
29.95 461.38 1104.55 4.0 869.0 9.0
24.22 496.8 1380.16 0.0 171.0 9.0
23.39 543.09 1871.64 2.0 769.0 3.0
18.66 335.65 2228.51 4.0 267.0 5.0
20.66 617.4 107.34 2.0 1210.0 3.0
29.12 809.03 1418.89 4.0 1156.0 6.0
23.04 420.27 1782.58 3.0 177.0 6.0
17.88 777.31 1239.91 0.0 583.0 4.0
11.88 515.95 1108.09 0.0 1448.0 7.0
19.11 536.28 536.05 4.0 1455.0 6.0
11.12 555.83 603.11 5.0 1558.0 4.0
21.93 549.71 1433.66 0.0 380.0 4.0
11.09 868.32 1748.91 2.0 812.0 5.0
20.84 514.89 1428.69 3.0 1178.0 6.0
10.77 547.2 1372.87 3.0 72.0 4.0
17.05 571.06 2028.13 3.0 1167.0 9.0
8.93 423.35 966.34 4.0 147.0 7.0
9.69 446.99 1843.97 0.0 1699.0 6.0
14.95 363.57 725.26 4.0 1034.0 3.0
18.46 378.28 1376.55 5.0 1423.0 4.0
12.18 634.02 1496.18 5.0 982.0 7.0
14.08 439.02 1411.42 4.0 549.0 9.0
9.67 309.11 1462.6 4.0 397.0 5.0
10.45 707.48 1651.67 0.0 1081.0 6.0
15.65 367.33 1524.85 5.0 274.0 3.0
7.83 559.6 1363.76 0.0 1524.0 3.0
7.14 834.16 2048.04 2.0 1237.0 3.0
16.21 529.11 1740.17 2.0 1153.0 5.0
26.81 540.49 2401.11 3.0 1263.0 8.0
15.31 393.67 1254.95 1.0 979.0 6.0
32.15 399.27 1204.06 4.0 1614.0 3.0
16.26 446.65 1442.8 0.0 1013.0 4.0
7.85 274.55 1070.34 0.0 1400.0 7.0
10.7 391.77 2105.7 2.0 1058.0 5.0
21.02 406.11 794.85 0.0 359.0 6.0
15.48 539.97 1163.34 1.0 716.0 3.0
20.31 603.09 1248.83 4.0 1675.0 7.0
16.94 687.7 1347.12 4.0 427.0 6.0
13.02 296.08 1181.77 4.0 1018.0 5.0
18.54 302.25 1769.96 4.0 220.0 7.0
10.78 542.0 1207.31 1.0 723.0 5.0
14.52 410.54 1358.83 4.0 1446.0 3.0
9.3 646.34 1475.87 3.0 1541.0 3.0
24.38 698.82 1091.2 2.0 264.0 7.0
7.86 384.72 2070.29 0.0 405.0 9.0
12.19 533.37 1302.8 0.0 868.0 5.0
5.24 398.41 985.46 0.0 344.0 7.0
7.02 754.55 1435.76 2.0 1277.0 8.0
23.9 671.02 1582.32 0.0 877.0 9.0
22.35 492.91 1387.75 3.0 1070.0 7.0
8.88 666.08 1703.61 3.0 1031.0 9.0
9.64 458.91 1702.02 2.0 154.0 3.0
12.23 341.22 1419.82 2.0 1619.0 7.0
17.49 592.06 1748.6 2.0 1340.0 4.0
26.12 188.05 1377.52 0.0 1522.0 5.0
13.81 577.76 1014.64 3.0 930.0 6.0
11.06 578.43 828.4 0.0 1360.0 5.0
7.47 525.36 1347.94 1.0 782.0 3.0
7.95 596.98 1940.52 4.0 604.0 3.0
16.15 700.61 1806.23 0.0 1593.0 7.0
9.73 358.05 1412.04 1.0 718.0 8.0
18.4 557.74 1100.66 0.0 1325.0 3.0
11.26 522.29 844.46 1.0 1615.0 7.0
26.56 410.69 1352.74 3.0 62.0 4.0
12.79 570.37 1820.62 0.0 1378.0 6.0
15.68 594.97 1634.17 2.0 1199.0 3.0
21.12 598.53 721.54 4.0 507.0 8.0
20.06 374.5 1556.35 2.0 1070.0 4.0
14.22 631.25 1286.2 2.0 930.0 8.0
20.45 470.82 1745.15 3.0 587.0 5.0
14.01 418.59 719.27 4.0 770.0 4.0
19.44 316.31 2014.95 0.0 146.0 5.0
12.1 499.43 1435.72 4.0 107.0 9.0
22.85 544.48 1304.29 4.0 1283.0 3.0
23.17 409.56 1701.57 4.0 332.0 8.0
13.79 483.93 1879.49 2.0 363.0 4.0
22.24 577.79 1734.86 3.0 941.0 8.0
9.78 403.27 2017.13 1.0 1672.0 9.0
10.42 409.85 1116.4 3.0 1271.0 5.0
9.58 710.91 1214.17 3.0 80.0 5.0
27.17 436.11 2281.12 0.0 338.0 5.0
7.41 535.87 2058.72 0.0 350.0 7.0
18.67 631.86 2361.17 4.0 359.0 4.0
17.25 393.46 1579.11 1.0 1228.0 3.0
24.29 579.19 1811.58 3.0 1359.0 5.0
14.76 96.43 1282.74 2.0 832.0 6.0
22.26 531.18 1036.42 1.0 586.0 5.0
11.84 704.27 1921.13 2.0 381.0 9.0
24.09 520.9 1456.15 3.0 1452.0 3.0
14.82 365.55 1402.03 0.0 857.0 6.0
19.06 495.23 1204.89 4.0 1158.0 3.0
7.9 331.08 1411.72 2.0 93.0 6.0
21.39 290.92 1609.55 3.0 1366.0 9.0
16.17 695.43 1300.62 2.0 1693.0 3.0
17.8 562.81 2064.87 1.0 1239.0 7.0
7.9 674.8 1483.17 0.0 400.0 3.0
14.85 672.57 1691.18 4.0 717.0 5.0
17.23 242.4 1893.24 2.0 1631.0 8.0
16.56 155.9 699.18 0.0 1206.0 6.0
6.67 420.18 1924.01 3.0 1445.0 8.0
13.1 350.13 1037.48 4.0 507.0 7.0
10.07 490.13 1549.23 2.0 1332.0 7.0
22.33 515.01 1112.97 0.0 983.0 7.0
16.01 488.01 1691.54 0.0 730.0 5.0
20.13 427.98 1608.53 4.0 870.0 4.0
8.53 470.89 1812.82 3.0 1355.0 8.0
16.26 395.39 2166.5 5.0 1473.0 4.0
22.57 599.46 1646.75 0.0 482.0 9.0
17.03 580.0 1227.39 0.0 479.0 5.0
18.84 629.37 1229.08 5.0 98.0 4.0
19.44 501.79 1532.87 3.0 407.0 7.0
15.38 454.74 2241.3 0.0 1667.0 6.0
16.28 359.75 989.01 4.0 1672.0 6.0
7.62 526.41 1349.39 3.0 1435.0 7.0
27.09 225.12 1030.08 3.0 407.0 6.0
11.7 555.75 1721.77 4.0 1127.0 3.0
27.55 463.43 606.92 0.0 785.0 5.0
20.96 288.1 640.41 1.0 185.0 3.0
7.18 573.2 2203.96 4.0 1604.0 6.0
16.5 484.78 2202.4 4.0 864.0 8.0
10.82 378.22 1970.85 2.0 1067.0 9.0
10.64 442.43 1474.56 4.0 1483.0 3.0
8.38 380.74 1600.58 0.0 129.0 6.0
12.56 654.98 1371.56 1.0 1582.0 4.0
18.7 420.55 1126.36 5.0 1068.0 9.0
16.45 478.38 1420.97 1.0 362.0 3.0
12.48 681.76 1569.27 2.0 52.0 3.0
24.63 691.78 1860.67 3.0 479.0 3.0
21.06 553.97 1327.51 1.0 1569.0 9.0
23.29 716.12 1251.9 3.0 604.0 5.0
16.58 477.2 1275.11 4.0 1387.0 8.0
19.98 604.86 952.58 3.0 716.0 8.0
19.27 470.66 1143.2 4.0 942.0 9.0
24.06 301.55 1670.19 5.0 1655.0 7.0
8.47 429.29 1579.3 2.0 1067.0 6.0
16.4 353.22 1956.48 3.0 1249.0 9.0
7.97 671.17 1527.93 4.0 858.0 6.0
13.01 690.02 1403.2 4.0 446.0 7.0
24.4 403.56 1520.45 4.0 286.0 9.0
18.21 550.5 1099.47 4.0 1599.0 6.0
25.14 492.59 1166.87 4.0 1493.0 4.0
21.74 565.64 784.09 3.0 727.0 6.0
18.49 421.71 961.71 5.0 854.0 3.0
12.92 773.44 1532.21 4.0 1628.0 5.0
12.25 605.88 1081.11 2.0 196.0 9.0
