23.12 604.34 1328.12 2.0 565.0 8.0
11.7 499.47 1986.34 2.0 423.0 4.0
28.01 579.68 2013.68 3.0 1383.0 4.0
16.09 845.93 1666.51 4.0 796.0 3.0
12.99 351.41 1001.28 3.0 916.0 5.0
26.67 498.48 1556.64 2.0 316.0 6.0
24.71 602.58 913.7 2.0 1221.0 9.0
9.49 447.35 1530.31 3.0 833.0 4.0
22.25 532.74 1237.97 2.0 688.0 9.0
23.07 691.55 1689.83 3.0 695.0 5.0
25.53 600.4 1612.63 2.0 1282.0 8.0
16.47 669.26 1101.03 1.0 454.0 4.0
17.5 435.86 1100.09 0.0 121.0 3.0
17.4 526.81 1927.69 2.0 254.0 5.0
9.06 572.77 1284.81 2.0 578.0 9.0
16.34 662.79 1835.96 0.0 453.0 6.0
23.28 466.27 1896.5 0.0 1180.0 5.0
15.94 362.33 940.84 4.0 968.0 9.0
8.03 713.75 1483.48 3.0 692.0 8.0
10.18 453.4 2029.06 2.0 1235.0 8.0
10.78 574.89 1163.16 3.0 1342.0 8.0
17.36 574.74 764.18 3.0 1081.0 8.0
29.94 434.06 1761.57 4.0 618.0 3.0
15.23 405.52 1814.96 2.0 401.0 4.0
13.28 812.3 1955.1 4.0 497.0 5.0
8.62 428.25 1890.17 4.0 1078.0 5.0
17.13 441.79 913.35 4.0 759.0 9.0
12.8 501.03 1782.47 3.0 1382.0 6.0
19.84 540.4 1160.82 0.0 506.0 5.0
11.77 805.38 1037.82 0.0 450.0 7.0
19.23 357.21 1504.32 4.0 969.0 6.0
13.51 503.09 1809.14 1.0 541.0 8.0
12.24 374.3 1248.97 4.0 1020.0 9.0
20.9 501.57 1644.3 4.0 768.0 3.0
19.26 365.03 1617.95 0.0 578.0 8.0
14.62 515.78 998.55 4.0 968.0 5.0
11.14 512.22 1863.34 2.0 757.0 4.0
15.36 667.48 1149.23 0.0 527.0 3.0
7.33 315.39 1390.06 3.0 627.0 7.0
24.2 630.94 1659.55 2.0 448.0 3.0
5.45 375.16 1880.33 1.0 1396.0 8.0
20.06 257.24 1520.77 3.0 634.0 4.0
16.04 335.5 1686.67 2.0 896.0 5.0
15.49 617.2 1945.13 4.0 320.0 5.0
17.37 565.95 1880.73 1.0 828.0 5.0
19.05 330.78 1223.6 3.0 145.0 4.0
10.44 624.4 845.47 0.0 940.0 7.0
17.58 232.83 1110.07 0.0 221.0 8.0
17.8 435.25 1338.19 3.0 677.0 3.0
18.7 562.1 330.19 4.0 60.0 8.0
19.22 556.13 1339.6 4.0 1140.0 3.0
16.21 529.1 1133.34 3.0 1047.0 3.0
16.94 741.98 1270.14 4.0 701.0 8.0
8.1 523.07 1935.13 0.0 333.0 5.0
8.81 359.21 1188.44 2.0 759.0 8.0
17.86 592.12 1496.06 4.0 501.0 7.0
25.23 558.9 1515.82 2.0 1347.0 9.0
22.02 455.7 1297.88 3.0 705.0 8.0
14.57 535.53 1814.98 0.0 822.0 8.0
18.56 342.93 1812.12 1.0 448.0 9.0
20.97 429.7 1434.09 4.0 1198.0 6.0
12.09 458.27 1938.22 4.0 482.0 7.0
15.02 550.71 1687.37 4.0 886.0 8.0
6.41 436.55 1633.74 4.0 58.0 8.0
25.49 344.98 1161.83 3.0 1303.0 6.0
20.57 639.95 1065.32 4.0 302.0 7.0
25.95 519.58 1611.69 4.0 624.0 8.0
22.7 559.9 1575.85 0.0 561.0 4.0
18.15 645.65 1418.21 0.0 541.0 5.0
23.04 683.92 1589.74 4.0 648.0 5.0
14.98 650.4 2074.45 3.0 776.0 6.0
28.28 393.62 1614.42 0.0 94.0 5.0
27.47 506.9 1702.61 0.0 364.0 7.0
7.71 566.75 1385.26 2.0 1042.0 4.0
13.19 497.06 1739.63 0.0 515.0 6.0
20.88 492.34 1930.93 1.0 1259.0 4.0
16.31 555.16 1011.76 0.0 1291.0 4.0
17.98 599.28 1128.68 4.0 918.0 7.0
26.97 488.47 1423.98 4.0 1143.0 4.0
22.67 961.0 1973.67 1.0 1370.0 5.0
29.01 378.97 1304.22 4.0 906.0 3.0
21.32 536.3 2142.46 0.0 753.0 9.0
17.62 469.73 1979.84 0.0 1292.0 8.0
11.62 459.54 651.51 4.0 914.0 6.0
24.25 836.94 1215.83 2.0 1386.0 8.0
14.21 726.39 943.78 4.0 1048.0 3.0
15.91 403.98 1630.77 4.0 1196.0 4.0
20.53 351.7 2106.13 1.0 1117.0 4.0
22.87 339.28 1605.92 4.0 948.0 7.0
12.52 671.36 1659.28 0.0 772.0 5.0
6.14 773.2 1705.02 1.0 966.0 3.0
20.47 631.67 1457.86 4.0 1101.0 7.0
14.04 610.61 1267.35 4.0 503.0 3.0
30.97 845.0 1572.97 1.0 1053.0 4.0
8.53 487.61 1952.55 2.0 579.0 4.0
15.07 270.63 1025.92 4.0 890.0 4.0
25.18 503.41 679.79 2.0 1187.0 3.0
14.43 662.6 1391.02 4.0 1234.0 6.0
28.42 565.58 1692.77 3.0 1152.0 6.0
12.7 352.55 1830.15 4.0 937.0 8.0
19.6 647.3 1142.8 4.0 759.0 4.0
16.94 331.12 1339.42 0.0 601.0 3.0
16.83 509.68 1950.59 0.0 921.0 8.0
11.87 654.62 1523.87 4.0 99.0 5.0
10.95 364.62 1040.14 2.0 500.0 3.0
6.32 446.68 2175.02 0.0 382.0 3.0
21.1 435.62 2184.34 3.0 1059.0 6.0
15.86 328.42 910.93 3.0 1238.0 3.0
17.05 521.59 1365.27 0.0 892.0 9.0
11.84 780.45 1595.94 2.0 226.0 5.0
28.31 856.05 2212.45 0.0 332.0 9.0
12.34 268.91 1915.25 2.0 388.0 7.0
12.95 627.67 1180.54 4.0 1090.0 6.0
24.57 361.55 1728.62 1.0 871.0 7.0
10.51 442.74 1135.03 4.0 763.0 9.0
9.66 428.05 1288.33 3.0 363.0 5.0
27.1 565.49 1018.31 4.0 1216.0 9.0
11.69 444.52 1792.49 0.0 603.0 9.0
11.28 361.66 1787.56 4.0 292.0 9.0
27.84 436.79 1350.28 2.0 705.0 5.0
9.61 290.22 1546.46 0.0 727.0 7.0
16.36 662.11 1714.51 2.0 985.0 8.0
5.66 547.52 1084.83 2.0 1059.0 5.0
8.96 341.39 721.4 4.0 970.0 9.0
29.12 409.22 1101.47 4.0 384.0 9.0
7.76 339.6 1444.91 0.0 441.0 7.0
17.81 522.18 1108.58 3.0 1089.0 3.0
9.89 405.86 1275.78 3.0 1050.0 7.0
21.64 547.63 1202.41 2.0 637.0 9.0
11.97 575.56 1499.98 3.0 413.0 4.0
18.33 617.38 1077.72 2.0 1393.0 6.0
14.47 499.89 1711.69 2.0 571.0 6.0
19.96 384.48 1205.68 3.0 167.0 5.0
12.45 491.07 872.02 1.0 536.0 3.0
13.88 628.07 1614.09 0.0 384.0 6.0
20.1 668.24 703.16 0.0 417.0 5.0
9.26 504.98 1453.31 0.0 745.0 4.0
17.15 471.64 2283.68 3.0 666.0 4.0
8.49 581.18 1447.52 4.0 182.0 4.0
12.18 627.94 1561.35 4.0 689.0 8.0
