26.76 530.14 1976.09 2.0 51.0 9.0
12.76 901.43 893.27 0.0 65.0 8.0
17.49 440.93 1988.65 0.0 680.0 3.0
15.06 582.5 1543.57 1.0 883.0 5.0
14.78 549.06 1560.49 0.0 600.0 5.0
10.21 745.8 1681.73 2.0 652.0 6.0
13.61 417.89 1001.47 1.0 225.0 3.0
23.83 390.96 682.06 3.0 819.0 3.0
13.67 679.1 1311.68 0.0 166.0 4.0
26.02 424.82 1347.03 0.0 632.0 7.0
12.45 446.69 1595.07 0.0 419.0 8.0
25.28 545.15 1474.24 2.0 744.0 5.0
8.06 428.16 1195.93 1.0 703.0 4.0
21.46 627.11 1995.16 2.0 399.0 7.0
32.72 620.1 1171.05 2.0 738.0 3.0
18.11 294.81 1908.66 2.0 145.0 4.0
25.24 350.95 1133.58 3.0 805.0 3.0
15.96 354.6 1825.13 0.0 445.0 4.0
16.86 406.2 1075.36 3.0 827.0 8.0
23.67 387.11 1472.51 1.0 504.0 7.0
9.05 402.81 2372.32 3.0 476.0 7.0
26.32 374.19 1757.16 1.0 107.0 9.0
20.55 429.38 783.64 3.0 356.0 3.0
31.11 696.5 2111.81 3.0 831.0 6.0
14.67 646.28 1974.5 3.0 386.0 6.0
12.29 362.17 1326.71 3.0 90.0 3.0
10.97 345.67 1552.72 0.0 737.0 3.0
16.5 602.04 1525.93 2.0 472.0 3.0
25.08 661.87 1583.53 2.0 192.0 7.0
30.46 416.81 1684.91 3.0 674.0 9.0
15.64 304.3 1653.7 3.0 759.0 8.0
30.75 473.92 1730.04 0.0 552.0 5.0
12.61 637.36 1750.71 2.0 81.0 6.0
21.87 618.12 1526.7 0.0 500.0 3.0
20.79 282.21 1017.85 2.0 811.0 6.0
12.97 584.48 1817.83 2.0 232.0 5.0
19.49 173.62 1222.03 1.0 87.0 5.0
30.45 715.22 957.34 0.0 439.0 8.0
9.46 572.64 1185.53 3.0 286.0 3.0
14.44 600.81 647.99 3.0 508.0 7.0
13.5 744.23 953.51 2.0 293.0 8.0
11.63 563.86 1552.5 2.0 362.0 5.0
18.16 460.54 1723.97 3.0 866.0 7.0
12.34 375.99 812.48 2.0 218.0 9.0
20.28 666.76 2028.55 2.0 667.0 4.0
22.43 707.36 638.46 3.0 855.0 8.0
22.85 296.88 1395.44 3.0 96.0 3.0
12.25 634.3 1096.28 1.0 582.0 3.0
19.64 401.59 1191.89 2.0 105.0 7.0
20.98 136.74 1706.03 3.0 307.0 6.0
19.31 462.71 1508.3 1.0 599.0 4.0
19.28 508.19 1100.61 2.0 452.0 9.0
8.47 536.6 1245.56 2.0 245.0 8.0
7.07 503.06 1564.24 1.0 693.0 7.0
27.77 368.76 1585.52 3.0 239.0 7.0
14.53 601.12 1048.67 3.0 525.0 3.0
17.99 431.18 1520.69 3.0 727.0 5.0
13.58 495.82 946.96 0.0 565.0 6.0
18.6 516.85 445.1 2.0 254.0 7.0
12.38 537.47 2181.13 3.0 343.0 7.0
