17.56 461.03 1446.5 0.0 695.0 4.0
9.26 515.72 1909.24 0.0 585.0 6.0
14.61 515.04 1468.85 2.0 358.0 9.0
20.79 625.99 1829.44 2.0 371.0 7.0
17.22 548.78 1208.74 0.0 237.0 8.0
20.31 669.78 1363.13 3.0 909.0 3.0
16.58 325.99 1450.89 3.0 620.0 8.0
21.67 478.98 1488.51 1.0 232.0 7.0
19.14 699.31 1712.37 0.0 419.0 9.0
14.56 587.4 1550.12 3.0 478.0 6.0
10.11 624.71 1051.54 0.0 168.0 7.0
15.65 164.51 1049.18 1.0 475.0 6.0
24.79 776.53 1834.87 0.0 843.0 9.0
23.43 710.28 1766.47 1.0 281.0 6.0
9.59 627.88 1397.95 3.0 314.0 4.0
16.76 290.29 998.66 0.0 841.0 4.0
8.68 372.09 1943.43 2.0 218.0 3.0
15.52 526.95 1320.32 2.0 153.0 6.0
15.33 864.45 1648.86 2.0 591.0 3.0
19.36 591.16 1684.36 3.0 118.0 8.0
6.34 803.64 1228.75 3.0 472.0 3.0
15.77 711.98 989.62 3.0 632.0 4.0
8.52 405.89 1911.69 1.0 199.0 3.0
7.91 703.34 1742.71 3.0 284.0 3.0
19.68 359.94 1869.4 1.0 131.0 9.0
10.37 407.79 1781.59 2.0 189.0 5.0
24.2 547.38 2588.43 2.0 579.0 3.0
22.35 431.32 1247.35 1.0 917.0 8.0
8.29 539.99 1834.37 0.0 194.0 3.0
29.73 692.8 1491.22 2.0 287.0 7.0
21.75 567.16 2333.89 2.0 480.0 3.0
20.77 673.1 1015.11 2.0 506.0 4.0
29.38 714.71 1351.66 0.0 618.0 4.0
14.51 325.51 2203.49 0.0 611.0 3.0
18.8 631.62 1215.34 0.0 775.0 7.0
25.96 494.66 1073.27 2.0 620.0 3.0
19.53 570.48 1491.07 2.0 368.0 3.0
19.09 465.1 1514.75 0.0 461.0 5.0
5.79 521.16 1113.37 3.0 244.0 8.0
15.48 565.3 1742.8 3.0 88.0 8.0
31.97 564.05 1654.2 0.0 120.0 3.0
19.96 459.14 1594.64 0.0 113.0 5.0
23.12 334.93 1808.06 0.0 352.0 9.0
26.1 341.88 1085.27 1.0 267.0 9.0
14.97 280.4 1176.26 2.0 881.0 4.0
16.35 386.47 1170.07 3.0 937.0 7.0
10.6 346.27 1347.92 3.0 799.0 9.0
7.87 488.63 1339.41 0.0 476.0 8.0
16.03 542.29 1629.54 3.0 201.0 5.0
14.25 379.56 1630.92 0.0 825.0 8.0
