17.3 632.58 1720.06 0.0 857.0 9.0
15.88 671.02 1895.35 3.0 76.0 8.0
27.41 555.83 1195.98 3.0 1183.0 8.0
13.71 372.95 2313.31 0.0 974.0 3.0
17.58 730.07 1443.26 3.0 1129.0 6.0
25.17 643.76 1357.66 2.0 777.0 5.0
21.57 495.83 2503.94 4.0 111.0 4.0
24.19 530.97 1442.55 4.0 442.0 3.0
17.17 231.79 1448.4 4.0 386.0 8.0
24.66 411.25 1126.19 0.0 806.0 6.0
7.44 181.57 1481.41 0.0 219.0 9.0
18.02 783.58 1644.28 2.0 172.0 7.0
11.22 555.27 1532.33 0.0 1121.0 4.0
6.73 590.74 1728.31 0.0 1085.0 5.0
22.15 591.47 1473.6 0.0 1087.0 7.0
17.24 532.27 1749.82 0.0 619.0 9.0
12.27 386.83 547.83 3.0 625.0 7.0
16.43 508.11 1285.92 2.0 475.0 8.0
8.67 344.53 736.3 2.0 982.0 6.0
17.65 529.74 1264.37 2.0 212.0 7.0
10.97 540.24 2114.42 4.0 691.0 7.0
8.0 493.57 1709.88 3.0 277.0 4.0
14.65 485.63 1832.33 2.0 979.0 8.0
23.59 776.4 953.61 3.0 1084.0 7.0
17.14 668.72 864.79 2.0 262.0 5.0
18.36 764.18 1698.1 2.0 347.0 7.0
22.59 559.27 1874.26 0.0 110.0 4.0
13.61 331.32 812.04 3.0 509.0 8.0
20.59 342.6 2249.9 3.0 302.0 7.0
28.96 602.88 1746.32 3.0 763.0 4.0
14.54 673.09 2050.21 0.0 398.0 3.0
16.95 614.22 1503.85 4.0 688.0 5.0
12.55 631.11 1725.45 3.0 864.0 4.0
9.77 712.57 1837.51 1.0 365.0 9.0
16.82 555.5 1125.04 3.0 992.0 3.0
20.82 382.52 818.27 0.0 1118.0 7.0
17.66 388.26 985.61 4.0 523.0 8.0
25.92 401.36 759.07 2.0 503.0 6.0
16.52 532.68 2053.63 4.0 957.0 8.0
11.42 564.84 2513.05 0.0 863.0 5.0
26.84 426.3 1504.2 0.0 679.0 4.0
19.2 576.35 1813.54 3.0 1096.0 5.0
13.54 509.3 1792.19 4.0 947.0 4.0
10.8 429.93 892.1 0.0 1169.0 5.0
8.44 773.44 2112.46 1.0 978.0 4.0
8.42 508.35 1815.43 4.0 698.0 4.0
22.02 351.09 1464.26 0.0 778.0 8.0
15.73 550.31 1580.93 2.0 789.0 7.0
23.65 472.97 1732.43 3.0 1144.0 7.0
29.23 281.74 1417.41 1.0 166.0 8.0
10.73 540.87 1534.65 3.0 309.0 7.0
19.58 259.49 1066.7 3.0 594.0 9.0
15.13 499.91 2566.53 3.0 496.0 3.0
14.4 505.41 724.57 0.0 712.0 6.0
26.93 418.79 2076.73 1.0 105.0 8.0
12.24 427.96 1633.9 2.0 964.0 9.0
7.97 528.91 1188.5 0.0 828.0 7.0
17.49 411.61 1189.92 3.0 277.0 3.0
12.34 392.22 1576.56 0.0 945.0 8.0
11.38 800.05 1027.27 4.0 870.0 4.0
10.41 487.85 1256.34 1.0 1176.0 4.0
7.62 300.1 1581.7 1.0 980.0 5.0
22.13 341.35 2089.74 3.0 348.0 6.0
13.18 493.08 1840.72 0.0 170.0 7.0
16.95 471.17 962.6 2.0 322.0 4.0
9.49 505.53 1338.97 0.0 327.0 3.0
5.92 499.56 1657.74 0.0 438.0 9.0
17.0 358.33 1953.15 0.0 1049.0 8.0
28.77 712.69 1812.92 2.0 933.0 3.0
18.64 659.11 925.7 2.0 833.0 8.0
9.93 360.93 1455.88 3.0 556.0 3.0
18.86 514.62 1671.32 4.0 378.0 8.0
17.27 459.38 1264.92 0.0 566.0 5.0
13.86 544.46 2182.57 0.0 572.0 7.0
17.8 540.29 1302.81 4.0 312.0 4.0
11.68 607.5 749.54 3.0 853.0 6.0
13.9 605.53 1647.3 3.0 338.0 8.0
19.08 433.51 1657.83 4.0 1099.0 9.0
12.34 615.04 1882.59 3.0 858.0 9.0
6.17 452.22 1700.29 0.0 663.0 4.0
10.01 386.57 1643.05 4.0 773.0 10.0
15.46 477.92 1808.27 1.0 1017.0 8.0
29.74 290.16 1550.3 2.0 706.0 5.0
27.59 659.8 1145.65 4.0 675.0 4.0
9.46 428.42 1327.72 2.0 67.0 3.0
7.48 805.02 1479.58 3.0 767.0 5.0
8.4 341.13 2042.47 3.0 622.0 5.0
18.08 646.52 1545.27 3.0 784.0 4.0
21.3 685.82 1544.96 4.0 1120.0 5.0
16.38 442.57 887.71 0.0 322.0 3.0
12.19 714.29 1204.33 4.0 266.0 4.0
24.2 682.57 1854.93 2.0 208.0 8.0
26.9 530.77 1151.16 2.0 1054.0 4.0
22.35 436.0 836.79 3.0 955.0 8.0
21.9 671.32 1664.78 2.0 76.0 3.0
18.84 637.82 1409.27 4.0 1123.0 5.0
19.93 375.04 1020.22 0.0 493.0 7.0
5.9 639.61 1846.73 0.0 56.0 7.0
26.73 837.84 1451.43 2.0 151.0 5.0
5.83 413.26 1243.19 3.0 1174.0 6.0