20.99 430.12 1766.55 0.0 521.0 8.0
15.59 485.1 1394.02 0.0 257.0 5.0
19.06 326.94 1349.09 1.0 456.0 6.0
14.82 813.12 1147.53 2.0 350.0 3.0
18.95 785.28 671.6 1.0 433.0 3.0
19.11 593.78 1965.76 0.0 635.0 3.0
30.2 745.8 1531.21 2.0 243.0 6.0
21.08 579.23 1735.85 0.0 87.0 5.0
25.14 628.23 1449.03 2.0 690.0 7.0
30.3 446.76 1706.26 2.0 528.0 9.0
25.99 406.46 1389.24 1.0 280.0 3.0
16.51 516.3 1509.25 0.0 660.0 8.0
13.73 569.97 2240.3 0.0 124.0 6.0
7.79 498.71 2095.37 2.0 485.0 8.0
12.92 358.37 1249.75 0.0 609.0 3.0
17.13 552.04 1054.26 0.0 492.0 5.0
16.59 408.15 888.99 0.0 449.0 3.0
25.84 689.91 1817.32 2.0 416.0 7.0
21.0 492.23 1536.29 2.0 392.0 8.0
12.47 372.98 1104.66 2.0 655.0 8.0
12.43 617.2 1143.47 2.0 62.0 7.0
17.34 841.7 1526.16 0.0 266.0 6.0
24.27 663.6 1745.38 1.0 330.0 4.0
9.91 415.05 1492.09 2.0 417.0 9.0
20.9 485.8 1357.84 0.0 124.0 8.0
19.91 651.99 580.64 0.0 88.0 7.0
27.39 656.45 1182.95 0.0 263.0 6.0
17.45 319.37 908.35 2.0 516.0 3.0
9.21 615.78 1244.39 1.0 455.0 5.0
18.51 593.67 1752.97 1.0 603.0 4.0
15.79 404.63 1453.61 0.0 473.0 9.0
19.57 559.44 1264.31 2.0 468.0 4.0
21.39 372.01 1808.07 2.0 137.0 8.0
13.8 653.14 1046.53 2.0 289.0 7.0
23.84 555.86 1263.09 0.0 52.0 3.0
