1058.20848 29336.84993
1061.46588 27975.288549999997
1060.7138799999998 28203.274879999997
1060.6863399999997 28885.421299999987
1061.9738399999997 26573.651479999993
1072.65398 24078.81715
1075.1067600000001 23893.04628
1065.83096 24742.62637
1065.70096 24995.87269999999
1073.7539800000002 24047.351749999994
1073.7039800000002 24071.976039999998
1075.08596 23956.4371
1077.65398 23545.565109999992
1082.3991800000001 23250.964709999993
1075.21596 23626.129209999992
1069.31198 24638.728569999996
1067.3802199999998 24696.856870000003
1076.5539800000001 23566.915709999997
1070.41198 24631.892770000002
1074.8039800000001 24007.22507
1064.1176399999997 25341.75125999999
1064.0301499999998 25384.015329999995
1064.13015 25010.075389999995