6.87 453.67 1162.62 1.0 1206.0 8.0
18.21 354.23 1729.61 0.0 314.0 4.0
18.2 562.68 1994.89 1.0 690.0 7.0
13.69 602.13 737.91 0.0 967.0 6.0
10.99 508.44 1702.97 0.0 163.0 8.0
9.38 375.03 1152.1 0.0 1059.0 9.0
30.6 920.25 547.02 3.0 1206.0 7.0
23.81 448.03 1382.47 2.0 317.0 7.0
15.51 601.04 1630.51 0.0 403.0 9.0
11.73 459.53 1306.63 4.0 801.0 9.0
27.75 668.63 1129.17 2.0 924.0 9.0
18.2 524.92 1078.42 4.0 1001.0 3.0
19.23 742.19 1386.84 4.0 385.0 6.0
13.45 503.27 1018.33 0.0 900.0 3.0
16.46 516.22 1357.0 0.0 409.0 3.0
12.96 349.19 2393.93 4.0 677.0 3.0
20.92 528.38 1696.93 4.0 817.0 9.0
15.5 615.98 1408.57 0.0 1095.0 6.0
25.2 509.33 1540.3 2.0 398.0 9.0
18.32 696.58 1457.73 2.0 688.0 7.0
17.91 418.84 74.12 3.0 1169.0 3.0
22.72 412.37 1305.95 1.0 1128.0 8.0
8.54 358.59 2183.39 2.0 244.0 7.0
20.78 495.69 1686.13 0.0 834.0 3.0
21.15 513.59 1541.76 1.0 64.0 5.0
17.88 742.43 1849.82 1.0 668.0 4.0
9.78 584.63 1219.07 0.0 930.0 4.0
21.06 389.45 1346.23 1.0 312.0 8.0
7.42 342.09 1093.37 0.0 1146.0 7.0
7.46 863.54 1282.95 2.0 91.0 4.0
17.17 490.04 1913.12 3.0 856.0 3.0
15.56 679.15 1298.49 3.0 871.0 3.0
20.54 588.54 1213.21 0.0 212.0 5.0
17.67 595.43 1837.7 0.0 677.0 4.0
19.68 587.43 837.58 4.0 1103.0 6.0
21.74 390.79 1460.48 0.0 592.0 8.0
15.23 268.71 1059.25 0.0 262.0 8.0
8.44 309.77 1195.2 2.0 1289.0 3.0
17.0 645.04 1075.75 0.0 163.0 6.0
28.63 337.15 2289.2 4.0 1278.0 6.0
10.04 366.56 887.3 0.0 362.0 7.0
25.07 626.35 1965.08 2.0 380.0 7.0
20.35 497.21 2127.11 3.0 734.0 4.0
22.54 404.86 2022.79 0.0 249.0 8.0
6.7 709.85 1627.8 0.0 947.0 5.0
6.97 517.66 992.09 1.0 151.0 5.0
26.91 474.23 1958.85 3.0 1200.0 7.0
24.09 673.54 2620.39 0.0 451.0 8.0
10.55 594.9 1223.53 0.0 240.0 7.0
18.41 466.82 1614.1 3.0 1048.0 8.0
12.97 451.83 1506.24 3.0 211.0 3.0
7.54 311.1 1734.84 3.0 57.0 7.0
21.26 469.0 1899.13 0.0 340.0 7.0
13.4 410.43 1564.19 1.0 1301.0 5.0
27.47 552.69 1447.17 4.0 1247.0 6.0
12.82 589.74 1486.99 3.0 833.0 4.0
6.16 757.37 893.06 4.0 746.0 9.0
19.43 758.06 1930.89 1.0 713.0 3.0
19.04 625.32 1469.96 0.0 760.0 7.0
6.91 422.67 874.21 4.0 756.0 9.0
16.73 493.44 1426.18 0.0 1218.0 7.0
12.27 637.88 1114.08 3.0 1158.0 5.0
19.97 474.84 1602.65 0.0 791.0 8.0
12.6 672.47 1372.79 4.0 534.0 3.0
14.83 337.88 1772.44 0.0 1184.0 8.0
9.28 688.1 2784.12 0.0 660.0 6.0
31.5 548.66 784.76 2.0 1094.0 9.0
13.44 643.33 1017.64 3.0 898.0 5.0
16.73 362.95 1426.45 0.0 397.0 7.0
32.16 552.8 1917.39 0.0 1095.0 3.0
22.77 816.1 1567.36 4.0 413.0 5.0
20.31 442.29 1817.68 2.0 208.0 5.0
11.14 230.14 930.19 3.0 548.0 5.0
7.99 797.13 2065.55 0.0 1019.0 5.0
24.06 640.96 1661.97 1.0 947.0 7.0
23.1 659.67 1394.6 0.0 373.0 4.0
13.78 448.48 1272.04 2.0 766.0 8.0
7.59 548.1 1274.44 2.0 868.0 6.0
23.44 575.46 1236.33 4.0 738.0 7.0
12.79 415.05 1080.22 4.0 929.0 9.0
27.25 519.31 2200.87 4.0 317.0 6.0
22.97 294.09 1437.36 2.0 260.0 5.0
11.37 449.15 1366.49 0.0 234.0 8.0
8.65 391.34 778.35 3.0 1301.0 6.0
30.94 606.64 1820.85 1.0 264.0 3.0
25.36 515.45 1177.25 3.0 533.0 8.0
14.81 425.57 894.95 0.0 191.0 6.0
20.18 594.83 2101.07 2.0 1145.0 9.0
28.25 525.39 702.38 3.0 938.0 8.0
18.82 365.03 1043.59 1.0 1041.0 4.0
12.4 532.84 2015.52 2.0 1036.0 8.0
18.48 401.04 1776.13 4.0 810.0 3.0
24.31 275.7 1351.75 4.0 591.0 4.0
29.39 636.37 1951.63 4.0 240.0 8.0
9.66 637.18 1107.66 0.0 1210.0 7.0
20.3 475.46 1349.13 4.0 975.0 7.0
10.73 638.21 910.37 1.0 181.0 7.0
9.94 253.92 1071.42 1.0 145.0 5.0
23.21 571.92 1339.48 4.0 857.0 4.0
19.72 611.28 1916.07 4.0 1048.0 7.0
15.06 406.69 853.62 4.0 405.0 9.0
14.86 768.67 1949.63 4.0 880.0 3.0
18.61 293.0 2354.26 2.0 503.0 6.0
28.65 431.94 774.41 3.0 858.0 4.0
26.93 307.25 1013.57 4.0 785.0 7.0
7.73 496.58 2210.65 4.0 765.0 9.0
14.5 646.13 1817.68 0.0 1286.0 8.0
26.2 360.98 1586.54 3.0 1071.0 5.0
13.61 649.17 1296.62 4.0 224.0 7.0
18.84 495.09 1145.67 2.0 58.0 8.0