23.18 530.66 1822.78 2.0 474.0 8.0
23.41 421.01 1286.98 0.0 119.0 7.0
19.19 357.45 2080.0 3.0 487.0 3.0
19.04 357.31 1429.65 0.0 760.0 6.0
21.43 276.93 1722.82 3.0 268.0 7.0
21.35 545.06 1632.39 3.0 788.0 6.0
26.69 470.91 1291.19 3.0 721.0 7.0
29.18 421.71 1025.07 3.0 770.0 3.0
18.96 637.39 1663.18 3.0 797.0 7.0
8.9 459.96 726.07 2.0 496.0 7.0
25.92 394.1 1751.33 3.0 319.0 7.0
18.52 632.67 1309.67 2.0 802.0 8.0
13.77 396.32 1994.12 0.0 552.0 6.0
6.4 821.85 1677.44 1.0 595.0 7.0
20.49 852.1 852.35 2.0 399.0 8.0
16.81 693.46 1527.1 1.0 82.0 3.0
12.49 733.41 1260.77 3.0 502.0 5.0
17.23 676.97 966.02 0.0 492.0 7.0
13.28 297.28 1340.16 1.0 659.0 6.0
31.43 618.42 1842.94 3.0 725.0 5.0
14.55 496.3 1577.63 3.0 712.0 9.0
11.37 570.75 1435.79 3.0 809.0 3.0
7.92 577.52 1802.15 2.0 83.0 3.0
21.22 553.12 1468.08 0.0 425.0 3.0
12.31 305.18 1644.66 2.0 321.0 9.0
10.96 425.47 812.47 2.0 770.0 8.0
14.36 378.44 877.76 0.0 244.0 4.0
15.53 581.26 1353.43 3.0 97.0 5.0
22.47 579.71 1076.87 2.0 554.0 8.0
17.09 459.75 1595.65 0.0 800.0 3.0
18.82 392.86 1624.32 0.0 358.0 6.0
14.84 442.37 1929.86 0.0 412.0 5.0
8.63 487.52 1579.89 1.0 84.0 6.0
25.61 586.35 1745.5 1.0 377.0 7.0
13.4 649.13 1749.73 0.0 302.0 6.0
19.23 386.16 1646.42 3.0 672.0 3.0
27.0 378.26 1546.99 3.0 306.0 7.0
12.49 552.85 1142.85 2.0 617.0 4.0
28.03 437.02 1332.32 0.0 243.0 6.0
12.62 262.63 1457.0 1.0 501.0 8.0
13.66 826.86 1800.92 2.0 113.0 4.0
8.98 427.82 1709.76 1.0 679.0 3.0
16.86 479.46 849.93 3.0 754.0 7.0
11.21 364.69 1845.42 0.0 407.0 6.0
15.94 407.89 645.12 1.0 591.0 7.0
14.67 449.99 1697.3 0.0 270.0 7.0
15.66 439.65 1719.24 3.0 100.0 7.0
9.74 607.78 1265.12 0.0 79.0 4.0
8.75 522.75 1601.72 1.0 788.0 8.0
9.82 592.04 918.37 0.0 338.0 3.0
15.89 417.83 1535.75 2.0 646.0 9.0
14.46 351.15 1603.28 3.0 562.0 5.0
21.67 426.02 1016.37 3.0 96.0 7.0
22.06 546.85 1111.89 1.0 680.0 9.0
7.24 363.81 1044.83 3.0 820.0 4.0
7.01 511.31 1326.42 0.0 781.0 5.0
26.33 694.68 1778.54 1.0 756.0 6.0
21.27 183.6 1116.49 3.0 728.0 5.0
20.7 523.53 1629.08 3.0 337.0 6.0
22.96 399.24 1367.49 0.0 109.0 4.0
7.56 351.02 1882.23 1.0 673.0 7.0
20.8 310.22 1660.55 1.0 503.0 7.0
26.31 691.07 2337.5 2.0 445.0 3.0
17.41 142.56 2940.43 2.0 779.0 4.0
21.59 505.73 2124.13 0.0 547.0 9.0
12.48 366.55 767.94 1.0 271.0 9.0
12.53 576.68 1146.58 2.0 753.0 6.0
5.47 535.57 1667.35 3.0 773.0 6.0
14.49 472.34 1516.05 0.0 566.0 3.0
9.02 613.79 1533.58 2.0 342.0 3.0
