8.65 572.29 2804.68 2.0 186.0 6.0
11.44 471.34 595.66 1.0 482.0 5.0
16.8 268.68 1120.82 1.0 197.0 7.0
17.17 396.65 1772.17 0.0 341.0 9.0
29.18 541.24 2144.4 1.0 357.0 4.0
8.07 280.74 2304.7 0.0 555.0 3.0
14.08 262.3 1230.46 1.0 382.0 5.0
12.58 390.28 1248.19 0.0 301.0 8.0
13.54 376.45 1582.13 2.0 272.0 9.0
27.56 532.18 1042.43 1.0 125.0 3.0
14.86 481.61 557.5 0.0 258.0 6.0
25.52 730.36 1327.59 0.0 584.0 5.0
11.39 525.16 1489.52 2.0 501.0 5.0
17.54 629.23 1700.48 2.0 287.0 7.0
12.74 276.35 1430.93 0.0 420.0 7.0
14.89 671.73 1263.98 2.0 280.0 4.0
9.14 537.17 1542.67 0.0 526.0 3.0
22.11 325.73 1668.94 2.0 71.0 6.0
14.32 714.23 1202.4 2.0 174.0 9.0
16.63 617.97 1268.85 2.0 556.0 7.0
15.93 381.34 1719.95 0.0 359.0 4.0
10.48 400.78 1690.29 0.0 218.0 8.0
7.84 467.23 1725.94 2.0 275.0 8.0
17.89 579.56 1619.32 1.0 399.0 4.0
8.92 632.06 1963.4 1.0 315.0 7.0
18.29 481.13 1800.31 2.0 152.0 8.0
14.89 576.42 623.5 2.0 388.0 5.0
13.55 521.4 1038.45 0.0 195.0 9.0
22.08 625.91 1901.06 0.0 284.0 7.0
7.94 631.11 1405.41 1.0 263.0 8.0
