14.02 459.09 1192.21 1.0 411.0 5.0
12.55 345.55 1580.38 0.0 413.0 5.0
13.67 523.08 1034.69 0.0 413.0 9.0
9.71 443.28 1766.65 1.0 96.0 9.0
15.64 676.71 625.95 0.0 80.0 5.0
18.64 516.43 2021.31 0.0 144.0 7.0
19.91 636.24 1116.25 1.0 150.0 4.0
21.69 557.1 1649.34 0.0 394.0 6.0
10.35 636.19 1586.43 0.0 270.0 6.0
10.21 343.05 1953.55 0.0 342.0 5.0
16.05 472.96 1626.57 0.0 377.0 6.0
12.65 446.3 1319.74 1.0 233.0 6.0
14.39 472.48 1720.63 1.0 226.0 5.0
24.17 379.37 1469.95 0.0 170.0 6.0
18.38 428.91 1390.42 0.0 60.0 7.0
