18.4 345.63 1327.16 0.0 474.0 4.0
11.89 597.62 1615.87 2.0 91.0 6.0
21.61 488.28 1535.16 2.0 194.0 3.0
16.39 359.07 1593.8 3.0 655.0 8.0
27.17 529.44 1589.46 3.0 357.0 5.0
11.7 455.29 1288.55 1.0 588.0 9.0
11.51 748.85 2142.22 1.0 326.0 6.0
31.64 697.23 1263.32 3.0 608.0 8.0
11.06 585.75 1351.39 1.0 644.0 8.0
28.03 527.33 2153.29 1.0 404.0 8.0
26.83 533.36 2157.4 3.0 687.0 6.0
7.03 734.37 1834.03 0.0 451.0 7.0
21.11 559.44 1409.1 3.0 594.0 6.0
6.23 543.84 1866.08 2.0 366.0 5.0
14.1 431.67 1768.55 3.0 382.0 8.0
23.91 812.38 1160.29 2.0 271.0 6.0
17.69 396.1 1084.81 0.0 630.0 7.0
14.86 505.65 1298.7 0.0 394.0 6.0
18.23 561.58 883.47 3.0 207.0 3.0
6.58 555.0 1540.73 3.0 571.0 7.0
14.52 472.01 1462.51 2.0 536.0 3.0
18.16 355.23 1921.93 0.0 110.0 4.0
10.49 623.12 1766.6 2.0 514.0 8.0
22.86 355.33 1571.47 0.0 222.0 9.0
11.16 413.77 1252.72 0.0 330.0 4.0
7.11 391.96 1175.6 2.0 526.0 9.0
18.17 729.18 964.81 3.0 250.0 3.0
17.24 335.2 1724.46 3.0 435.0 4.0
21.92 629.28 1033.49 2.0 245.0 9.0
22.51 430.81 2036.72 1.0 469.0 3.0
21.67 569.39 741.51 0.0 102.0 5.0
16.17 271.47 1187.55 0.0 620.0 8.0
13.08 463.47 1341.36 3.0 101.0 4.0
15.08 530.72 1756.18 2.0 597.0 6.0
12.49 631.19 1623.54 2.0 98.0 4.0
18.55 404.13 1403.87 2.0 482.0 9.0
23.92 548.53 2233.68 0.0 321.0 9.0
11.02 571.73 1871.68 3.0 681.0 5.0
6.96 755.22 1471.47 3.0 693.0 6.0
24.69 729.32 1127.04 2.0 708.0 5.0
21.01 563.01 1989.71 3.0 120.0 7.0
11.5 446.69 1349.06 2.0 406.0 8.0
9.35 399.35 1810.46 3.0 68.0 4.0
14.18 313.46 1185.17 3.0 745.0 9.0
14.85 369.66 1762.96 0.0 123.0 3.0
12.77 477.26 1707.03 2.0 644.0 7.0
19.99 487.03 1407.85 3.0 599.0 4.0
20.8 720.56 1617.65 2.0 690.0 3.0
19.25 577.14 1398.63 2.0 667.0 7.0
25.66 423.85 1526.4 2.0 415.0 4.0
