25.98 566.15 1216.27 2.0 491.0 8.0
14.68 440.95 1278.99 2.0 282.0 9.0
11.86 518.71 1668.73 0.0 98.0 7.0
22.47 524.93 1669.7 2.0 75.0 8.0
18.18 470.35 1690.46 0.0 361.0 8.0
7.72 217.34 881.07 2.0 593.0 6.0
14.75 597.42 1872.44 0.0 92.0 3.0
10.47 509.62 1170.39 1.0 527.0 3.0
19.27 560.82 1130.62 0.0 350.0 5.0
6.29 434.54 1112.45 1.0 135.0 6.0
16.61 462.29 955.67 0.0 460.0 5.0
23.27 552.73 1096.29 1.0 381.0 3.0
14.79 418.19 465.22 2.0 308.0 9.0
16.22 503.55 2103.47 0.0 118.0 7.0
25.53 732.45 1748.93 2.0 307.0 5.0
30.09 426.7 1846.1 2.0 486.0 6.0
14.97 629.01 1505.19 1.0 337.0 5.0
6.44 527.92 1617.73 0.0 171.0 6.0
22.75 517.5 1015.96 0.0 100.0 9.0
24.22 608.51 1793.74 0.0 462.0 6.0
