11.11 602.27 1517.09 1.0 487.0 8.0
9.63 436.04 1081.42 1.0 653.0 5.0
19.14 624.2 2537.8 1.0 390.0 5.0
18.85 277.82 2028.94 0.0 348.0 4.0
16.69 647.42 1528.72 2.0 713.0 6.0
18.28 677.07 1538.86 1.0 191.0 5.0
16.15 660.62 1191.3 2.0 610.0 7.0
16.24 611.89 1192.52 0.0 233.0 4.0
17.09 671.46 839.15 2.0 681.0 3.0
9.17 442.91 1506.38 0.0 341.0 9.0
13.42 616.07 1285.26 0.0 288.0 5.0
13.95 440.12 2042.77 0.0 594.0 5.0
16.05 571.42 1384.85 2.0 324.0 5.0
17.89 353.48 1133.78 2.0 496.0 3.0
22.69 763.28 2324.5 2.0 617.0 4.0
20.13 605.77 1456.21 2.0 388.0 8.0
8.28 707.48 1443.74 2.0 789.0 7.0
25.88 638.36 1375.55 1.0 778.0 6.0
17.79 477.06 1224.65 2.0 450.0 9.0
16.32 499.03 1735.39 1.0 674.0 8.0
10.17 418.14 1818.62 0.0 251.0 5.0
12.93 249.74 1814.55 2.0 182.0 9.0
16.03 687.66 881.76 0.0 586.0 3.0
8.66 409.45 1414.16 1.0 405.0 6.0
25.92 315.87 1728.47 1.0 628.0 8.0
25.82 301.12 813.99 1.0 273.0 9.0
17.35 278.68 1713.96 2.0 640.0 4.0
24.65 255.94 1646.83 1.0 381.0 6.0
5.84 574.65 1891.34 0.0 752.0 6.0
9.41 178.05 1313.66 2.0 598.0 7.0
5.95 218.89 1840.67 0.0 93.0 3.0
16.12 362.78 1088.69 0.0 433.0 9.0
20.79 382.44 1934.84 1.0 763.0 3.0
18.73 462.9 1712.47 0.0 63.0 7.0
27.71 560.79 1328.61 2.0 446.0 7.0
17.83 418.4 1091.77 0.0 622.0 5.0
8.87 501.56 1997.84 0.0 85.0 9.0
26.44 312.03 2122.36 0.0 578.0 4.0
20.96 502.51 1920.61 0.0 759.0 5.0
12.2 431.57 1534.62 0.0 456.0 8.0
