15.56 421.49 1499.9 2.0 1228.0 4.0
29.29 568.42 1368.11 4.0 307.0 6.0
16.69 334.08 1341.88 2.0 773.0 8.0
11.36 499.26 1615.4 0.0 520.0 3.0
15.97 433.03 1488.78 3.0 906.0 3.0
25.94 214.63 1062.6 2.0 1042.0 8.0
12.87 468.3 1356.02 0.0 184.0 4.0
18.04 379.46 1258.23 0.0 1073.0 3.0
27.3 408.37 1209.2 2.0 624.0 5.0
24.8 257.72 1721.56 3.0 520.0 8.0
18.09 702.41 447.11 1.0 291.0 8.0
20.42 571.82 1221.68 3.0 757.0 6.0
16.26 356.97 2028.84 2.0 1161.0 4.0
18.82 670.73 1265.04 0.0 1386.0 9.0
16.4 653.68 1104.37 0.0 165.0 7.0
14.69 745.75 1618.45 4.0 877.0 8.0
14.8 601.43 1385.84 1.0 849.0 4.0
8.95 60.15 1534.77 3.0 1018.0 7.0
29.86 477.66 1093.68 3.0 1261.0 8.0
24.04 558.75 1635.55 4.0 1248.0 9.0
21.52 606.1 1405.9 3.0 281.0 3.0
12.25 412.52 1601.84 0.0 1370.0 9.0
7.94 847.86 1910.16 4.0 348.0 5.0
30.23 425.63 1383.75 3.0 1195.0 6.0
21.48 678.87 1693.45 4.0 795.0 5.0
12.42 384.19 1476.03 4.0 393.0 4.0
18.34 405.68 1638.15 1.0 228.0 9.0
6.77 667.79 1798.38 1.0 1244.0 8.0
27.88 515.15 2282.77 0.0 1001.0 8.0
18.59 679.92 1138.7 2.0 66.0 7.0
23.88 278.28 1658.66 3.0 1377.0 8.0
18.1 336.99 762.79 4.0 349.0 6.0
20.83 345.2 1709.77 2.0 164.0 9.0
8.95 371.8 1535.66 0.0 1041.0 9.0
16.02 475.31 1405.86 0.0 1195.0 6.0
24.58 847.25 1410.33 3.0 1073.0 6.0
11.53 363.49 1651.95 3.0 400.0 6.0
16.99 415.41 2472.11 4.0 585.0 9.0
11.63 387.48 1269.17 4.0 577.0 5.0
16.1 686.01 1093.95 3.0 1037.0 9.0
17.62 418.96 1701.98 4.0 82.0 9.0
19.02 101.48 1426.25 2.0 1332.0 9.0
16.25 397.39 1753.65 0.0 1367.0 5.0
11.73 279.97 2218.21 2.0 489.0 3.0
17.32 101.81 1199.36 1.0 465.0 5.0
8.21 594.96 2087.8 3.0 1197.0 6.0
20.84 441.96 830.24 4.0 615.0 7.0
19.83 664.14 1480.55 2.0 922.0 8.0
11.42 349.83 1700.19 4.0 899.0 5.0
24.83 633.64 1365.6 1.0 783.0 7.0
11.23 449.81 1535.8 4.0 523.0 8.0
8.85 671.18 1109.83 4.0 354.0 5.0
15.29 131.79 1440.04 2.0 1155.0 4.0
20.37 688.05 1613.73 2.0 1375.0 4.0
31.2 112.03 1540.53 3.0 63.0 6.0
23.72 882.48 1529.9 4.0 435.0 4.0
8.78 291.51 1747.27 0.0 963.0 4.0
19.99 489.93 1960.84 1.0 537.0 8.0
13.99 411.7 1463.57 0.0 527.0 6.0
19.58 403.98 1420.51 3.0 1242.0 6.0
12.76 544.44 1593.09 3.0 130.0 7.0
11.58 458.52 1930.45 4.0 1340.0 6.0
21.65 380.02 1071.43 4.0 648.0 7.0
9.95 536.88 1581.93 0.0 1154.0 3.0
22.83 269.68 1898.12 1.0 290.0 7.0
26.31 387.11 1901.58 0.0 81.0 3.0
18.27 431.26 984.99 1.0 1006.0 6.0
8.42 354.88 958.86 1.0 706.0 9.0
15.7 483.59 1708.75 4.0 262.0 4.0
15.93 628.87 1681.55 3.0 110.0 7.0
15.87 326.45 1616.64 3.0 965.0 3.0
7.02 553.27 1194.1 0.0 312.0 4.0
18.57 650.24 589.53 0.0 922.0 5.0
28.61 505.62 1478.24 0.0 1021.0 3.0
7.57 415.41 1814.38 4.0 370.0 6.0
11.14 395.97 1181.29 4.0 774.0 6.0
10.62 332.24 1075.28 4.0 193.0 4.0
20.5 559.82 1447.76 3.0 663.0 8.0
12.4 481.4 1364.38 4.0 1098.0 6.0
14.7 256.16 1864.0 2.0 288.0 4.0
20.51 156.43 706.0 3.0 893.0 7.0
11.62 860.39 1708.16 4.0 165.0 7.0
17.37 412.48 2184.52 1.0 337.0 3.0
18.12 726.95 1799.2 0.0 77.0 8.0
8.28 403.55 1389.5 4.0 419.0 5.0
16.18 511.69 1636.89 4.0 547.0 9.0
15.81 545.79 1961.02 4.0 741.0 5.0
16.21 351.42 1913.46 0.0 1113.0 9.0
10.0 581.98 1705.99 2.0 1207.0 8.0
27.18 673.72 1916.99 3.0 1275.0 4.0
22.7 362.79 1182.46 3.0 904.0 7.0
20.61 563.49 2205.25 0.0 220.0 9.0
19.56 502.53 607.55 1.0 882.0 6.0
18.85 468.76 1245.52 0.0 252.0 4.0
16.69 495.96 1470.48 4.0 502.0 5.0
11.82 583.99 1493.44 4.0 846.0 3.0
18.7 328.62 1190.23 4.0 1058.0 9.0
15.39 634.94 536.25 3.0 88.0 6.0
21.67 413.92 1346.7 3.0 442.0 3.0
7.76 966.44 1237.66 4.0 728.0 4.0
29.49 537.48 1359.68 2.0 552.0 3.0
6.71 397.64 1268.9 1.0 985.0 5.0
11.33 412.93 1362.68 0.0 1045.0 3.0
22.33 231.83 2276.65 0.0 128.0 7.0
13.47 239.42 1825.41 4.0 1321.0 9.0
9.12 604.66 1516.76 2.0 727.0 3.0
7.98 606.67 1439.34 3.0 883.0 3.0
17.18 573.32 1056.22 0.0 1195.0 4.0
9.72 666.91 1901.71 2.0 623.0 5.0
20.65 421.77 1587.33 4.0 1213.0 9.0
14.88 788.08 1037.61 0.0 724.0 9.0
25.63 490.06 1738.06 4.0 239.0 4.0
14.33 606.04 1517.31 0.0 1340.0 9.0
27.07 635.82 1521.66 0.0 1334.0 4.0
18.67 684.24 1975.84 1.0 617.0 3.0
15.91 577.98 1763.54 1.0 172.0 8.0
22.36 365.21 1324.22 3.0 1348.0 7.0
19.29 549.78 1521.98 2.0 1087.0 5.0
24.66 484.09 1723.03 2.0 892.0 9.0
21.18 425.01 1082.27 4.0 1158.0 5.0
