17.09 429.26 1046.69 1.0 94.0 6.0
17.55 525.25 1226.66 0.0 181.0 3.0
13.48 800.62 1689.34 0.0 230.0 4.0
24.36 357.8 869.35 0.0 57.0 3.0
24.53 640.29 1539.48 0.0 271.0 6.0
22.13 460.47 2153.98 0.0 66.0 6.0
24.05 404.78 1393.33 0.0 170.0 7.0
22.7 445.25 1289.34 0.0 280.0 6.0
14.37 593.27 1206.86 0.0 108.0 3.0
13.76 299.49 1252.56 1.0 295.0 6.0
9.66 688.73 2093.52 1.0 217.0 5.0
14.99 620.77 2285.54 1.0 160.0 7.0
18.59 275.79 1338.73 0.0 272.0 8.0
7.35 372.02 990.47 1.0 60.0 8.0
13.3 530.93 1571.25 0.0 178.0 3.0