18.5 457.91 691.86 0.0 1199.0 8.0
13.49 324.18 1599.21 3.0 820.0 6.0
18.6 446.74 1399.73 4.0 1536.0 9.0
13.53 509.79 2175.46 2.0 173.0 7.0
20.94 502.89 1999.09 4.0 720.0 8.0
18.77 343.38 1769.24 3.0 228.0 9.0
19.9 345.23 1551.87 4.0 1271.0 7.0
6.77 277.23 1561.35 4.0 291.0 8.0
28.26 221.59 1979.15 4.0 1441.0 5.0
16.4 616.39 1731.96 4.0 868.0 5.0
16.73 567.41 1039.2 0.0 1415.0 8.0
16.95 532.34 1399.71 2.0 633.0 3.0
13.0 561.55 1723.97 3.0 254.0 5.0
26.07 463.27 1831.02 3.0 1266.0 4.0
21.75 504.98 1096.56 4.0 561.0 3.0
9.91 345.14 1092.07 0.0 96.0 8.0
15.06 602.3 1467.28 0.0 818.0 5.0
22.28 446.41 2012.39 2.0 214.0 3.0
24.32 727.1 998.94 0.0 756.0 8.0
9.33 612.08 1120.64 3.0 532.0 8.0
9.98 591.52 1835.43 3.0 634.0 8.0
20.56 110.76 1352.11 0.0 1553.0 8.0
24.36 687.82 1339.79 1.0 587.0 3.0
18.01 381.81 1641.28 3.0 1432.0 4.0
5.85 673.84 1110.09 4.0 300.0 8.0
14.46 378.74 1836.7 4.0 194.0 3.0
30.5 342.96 797.51 2.0 779.0 7.0
19.23 463.06 1413.35 0.0 963.0 6.0
13.83 481.14 2075.17 0.0 894.0 9.0
15.05 681.13 1427.56 2.0 147.0 4.0
7.52 434.73 825.47 0.0 828.0 9.0
13.77 589.11 1967.1 4.0 484.0 4.0
16.31 545.55 1918.56 2.0 1190.0 8.0
10.86 514.55 802.01 3.0 927.0 9.0
8.7 619.32 1905.14 0.0 978.0 6.0
10.54 535.99 1485.7 0.0 985.0 4.0
19.2 365.39 1332.8 4.0 376.0 6.0
9.19 393.92 1177.33 0.0 663.0 7.0
9.2 309.96 1276.33 0.0 196.0 5.0
10.73 660.28 1506.92 3.0 1197.0 7.0
17.51 632.12 1695.44 4.0 491.0 3.0
24.13 543.4 1676.25 4.0 99.0 4.0
14.61 489.26 1662.97 3.0 1047.0 3.0
12.06 682.83 1621.83 2.0 1296.0 4.0
22.88 545.24 1844.35 0.0 92.0 7.0
17.27 444.73 1056.41 0.0 1036.0 8.0
7.95 576.14 1714.27 1.0 189.0 6.0
15.53 30.01 1099.78 4.0 652.0 8.0
11.65 505.22 1263.61 0.0 931.0 3.0
9.75 473.01 1215.61 4.0 778.0 4.0
15.37 536.05 752.57 1.0 89.0 4.0
12.39 291.6 1841.75 3.0 1090.0 8.0
18.27 499.31 1836.63 0.0 909.0 5.0
23.36 591.43 1077.8 2.0 358.0 7.0
11.28 521.61 1835.27 0.0 470.0 4.0
15.72 479.28 1882.07 3.0 927.0 6.0
14.31 211.52 1216.32 3.0 62.0 3.0
9.8 483.17 1662.14 4.0 210.0 4.0
9.05 531.87 1609.08 3.0 1340.0 5.0
22.13 664.66 1697.23 4.0 1280.0 5.0
22.47 480.69 1244.73 3.0 1311.0 8.0
17.6 463.46 1670.15 4.0 51.0 8.0
27.76 664.85 1239.25 3.0 1075.0 6.0
18.53 497.61 1805.94 0.0 897.0 9.0
18.76 385.4 1044.15 3.0 1264.0 3.0
21.52 329.37 1632.22 0.0 1372.0 9.0
9.15 597.49 1438.31 2.0 1513.0 8.0
11.91 423.27 1413.43 4.0 1459.0 8.0
11.33 330.12 2208.19 4.0 1107.0 9.0
16.78 363.83 1603.11 0.0 1079.0 9.0
7.22 827.81 1371.35 4.0 813.0 6.0
10.19 469.89 1720.55 2.0 218.0 9.0
11.02 762.37 1841.75 0.0 260.0 4.0
22.23 567.2 1607.34 0.0 1459.0 7.0
19.93 715.47 1370.41 3.0 274.0 8.0
27.58 665.99 1886.14 4.0 1402.0 3.0
14.5 448.3 1379.72 1.0 1258.0 5.0
6.17 251.23 1723.4 0.0 1215.0 3.0
8.28 454.99 1106.72 2.0 102.0 3.0
12.66 438.14 1686.26 4.0 844.0 7.0
7.57 733.81 1689.42 4.0 1390.0 4.0
20.88 595.98 1780.45 2.0 1274.0 9.0
21.18 651.94 2064.3 1.0 958.0 7.0
23.82 573.15 2131.53 2.0 338.0 6.0
16.04 336.12 2098.62 4.0 1409.0 6.0
29.33 230.16 1427.91 4.0 1045.0 6.0
18.93 503.85 1745.73 0.0 938.0 4.0
23.91 520.55 1559.83 2.0 532.0 8.0
24.24 256.89 800.85 4.0 1093.0 5.0
14.07 266.41 1975.3 4.0 693.0 7.0
20.06 496.31 997.1 1.0 997.0 6.0
16.82 524.84 1504.07 2.0 241.0 6.0
21.23 565.0 2142.44 4.0 575.0 8.0
13.94 358.86 1211.05 3.0 242.0 4.0
17.87 214.34 2032.16 0.0 1464.0 9.0
21.31 685.04 1758.83 0.0 456.0 6.0
11.83 508.32 1172.77 4.0 1319.0 9.0
15.45 404.38 1557.79 0.0 771.0 4.0
17.95 614.75 1794.38 1.0 435.0 8.0
14.68 681.62 2210.43 2.0 527.0 8.0
16.3 541.62 2326.45 2.0 1458.0 7.0
16.78 356.09 898.48 4.0 1469.0 4.0
14.94 549.82 1790.06 2.0 1491.0 4.0
15.71 703.15 1741.55 4.0 1033.0 4.0
16.12 269.09 1635.03 0.0 1280.0 5.0
19.18 478.93 2132.2 3.0 370.0 7.0
19.93 164.02 1423.84 4.0 152.0 6.0
15.07 606.03 1592.62 1.0 793.0 3.0
18.78 551.21 1510.36 0.0 301.0 7.0
23.99 450.17 950.65 4.0 1197.0 4.0
12.53 357.74 2149.4 3.0 1467.0 9.0
13.02 625.56 1926.77 0.0 869.0 5.0
11.53 506.83 1435.33 1.0 910.0 3.0
20.03 497.57 1505.6 3.0 936.0 9.0
16.68 411.7 1277.89 4.0 1438.0 9.0
12.26 365.86 1202.07 2.0 888.0 3.0
19.51 562.2 1554.13 0.0 306.0 7.0
19.58 462.56 1543.21 4.0 1371.0 3.0
13.75 524.44 1585.45 0.0 1349.0 8.0
26.57 524.26 1545.14 3.0 1363.0 9.0
16.29 482.1 1648.52 4.0 1488.0 8.0
8.75 493.5 777.25 2.0 1028.0 9.0
17.39 502.33 1180.2 2.0 1100.0 8.0
20.63 621.7 1106.66 0.0 411.0 6.0
25.85 424.44 1575.45 2.0 367.0 3.0
17.77 632.71 2030.64 4.0 1081.0 6.0
20.84 451.4 1600.75 2.0 971.0 6.0
19.99 370.02 1609.54 4.0 1109.0 7.0
20.2 383.2 1439.6 2.0 1391.0 7.0
14.17 662.33 1610.41 3.0 1389.0 9.0
