1150.0921199999998 22108.333329999987
1164.1751000000002 21592.69256999999
1140.0743 22737.495059999987
1134.41806 25324.928889999985
1131.0853399999999 26603.513079999982
1134.36547 25568.518449999985
1158.6335199999996 21696.44406999999
1149.1911 22230.96007999998
1133.0680599999998 26285.73431999999
1141.8609 22529.311619999986
1138.7642999999998 23035.269879999978
1150.6821199999997 21993.609709999997
1149.1211 22380.401619999982
1133.65806 26081.794179999975
1159.2235199999998 21656.274069999992
1150.9705000000001 21829.02330999999
1140.0043 22793.70217999999
1134.8254699999998 25246.552639999987
1131.70534 26533.671659999985
1138.7642999999996 24745.579919999975
