19.99 412.48 1892.72 0.0 665.0 9.0
26.08 663.76 677.35 2.0 485.0 4.0
29.15 536.48 778.38 3.0 243.0 6.0
20.0 544.4 1634.85 0.0 326.0 7.0
9.8 529.13 1573.44 2.0 562.0 8.0
6.49 466.62 2378.13 2.0 662.0 8.0
14.09 297.14 1184.5 2.0 108.0 8.0
11.1 722.03 1281.48 0.0 549.0 5.0
10.12 488.54 1532.74 3.0 517.0 4.0
15.6 836.81 1378.51 2.0 268.0 3.0
10.79 517.94 1124.75 0.0 433.0 5.0
14.37 704.36 1534.08 0.0 461.0 8.0
12.4 520.14 1245.45 1.0 197.0 9.0
21.88 613.52 1713.42 0.0 645.0 6.0
14.73 341.09 1071.38 0.0 286.0 9.0
21.02 574.4 1500.33 2.0 75.0 7.0
17.26 602.06 1473.19 3.0 75.0 6.0
17.07 497.46 1898.84 3.0 79.0 3.0
10.62 650.34 1959.47 3.0 460.0 7.0
17.28 667.9 2001.47 0.0 213.0 3.0
23.46 318.05 1616.73 3.0 109.0 3.0
16.48 374.0 860.01 1.0 347.0 3.0
10.54 521.19 2212.75 0.0 279.0 5.0
14.45 790.03 2222.28 2.0 561.0 4.0
5.77 412.28 858.88 2.0 344.0 5.0
11.27 839.88 1461.78 0.0 652.0 5.0
10.85 416.68 2214.67 2.0 607.0 6.0
27.13 293.21 2029.07 2.0 516.0 9.0
15.27 751.31 1943.01 0.0 313.0 9.0
22.16 834.09 1653.23 2.0 459.0 3.0
14.1 496.61 1519.68 3.0 130.0 4.0
18.02 198.28 1232.61 3.0 184.0 3.0
15.51 597.9 1408.65 0.0 157.0 4.0
13.55 632.08 1896.76 2.0 542.0 7.0
21.6 254.69 1882.03 2.0 489.0 9.0
10.02 610.0 1170.55 2.0 624.0 5.0
26.13 387.5 711.2 3.0 217.0 3.0
15.07 401.27 1520.87 3.0 352.0 5.0
23.52 448.06 707.02 1.0 379.0 3.0
17.95 435.5 1685.67 0.0 627.0 5.0
8.41 597.42 1297.52 3.0 152.0 7.0
19.23 534.69 1451.65 2.0 279.0 5.0
14.73 287.8 1291.16 3.0 330.0 3.0
9.3 574.57 1751.11 2.0 545.0 5.0
9.41 247.7 1083.96 0.0 260.0 8.0
