24.96 733.27 1875.19 1.0 103.0 8.0
21.14 258.04 1284.44 2.0 629.0 9.0
14.76 494.9 1041.11 2.0 251.0 6.0
30.11 470.99 2010.15 3.0 315.0 3.0
19.93 494.39 1343.73 0.0 84.0 9.0
19.63 263.37 1450.06 3.0 622.0 3.0
9.95 381.4 1457.34 0.0 688.0 8.0
17.3 582.94 1406.59 3.0 877.0 3.0
9.28 448.6 1800.33 3.0 657.0 3.0
23.72 285.84 1874.08 1.0 470.0 9.0
10.46 637.15 1758.58 0.0 628.0 6.0
8.48 435.75 1265.84 3.0 830.0 8.0
15.46 414.89 1427.84 2.0 140.0 6.0
10.76 571.91 1192.14 3.0 750.0 3.0
24.61 402.59 925.92 2.0 509.0 8.0
21.33 823.54 1211.53 3.0 291.0 4.0
19.14 426.76 1313.68 2.0 654.0 5.0
18.5 284.01 1528.68 3.0 517.0 5.0
13.69 759.68 2260.5 3.0 452.0 6.0
14.57 456.45 2218.14 2.0 243.0 3.0
16.34 431.03 1578.72 1.0 120.0 5.0
8.15 534.18 1245.09 0.0 526.0 9.0
9.89 713.66 1516.43 2.0 71.0 7.0
22.02 612.42 1182.42 2.0 94.0 3.0
17.34 711.95 1284.58 1.0 527.0 6.0
15.11 349.09 1375.43 1.0 589.0 9.0
17.73 371.57 2508.07 3.0 640.0 4.0
17.22 522.73 1623.15 3.0 730.0 9.0
21.61 397.19 1004.97 0.0 477.0 5.0
21.64 410.08 606.14 3.0 300.0 3.0
26.23 666.5 2137.77 2.0 891.0 4.0
28.37 715.4 2146.41 2.0 564.0 8.0
26.27 845.58 1117.83 0.0 650.0 4.0
14.94 350.13 1150.55 1.0 264.0 5.0
23.14 646.69 1758.91 0.0 775.0 4.0
8.55 386.79 1267.63 0.0 66.0 6.0
14.88 453.19 1329.38 1.0 770.0 8.0
8.36 557.33 1226.35 2.0 518.0 8.0
21.9 526.17 1753.3 0.0 598.0 5.0
9.79 402.74 1589.75 3.0 809.0 5.0
22.03 563.15 1534.24 2.0 852.0 6.0
11.25 632.81 1677.97 3.0 909.0 7.0
7.08 267.69 1915.7 3.0 781.0 3.0
9.38 506.1 665.43 1.0 542.0 8.0
33.08 496.12 1311.87 2.0 816.0 8.0
24.84 471.72 583.94 3.0 396.0 8.0
14.6 279.65 1822.73 1.0 179.0 3.0
8.72 249.06 961.22 0.0 150.0 3.0
24.84 544.53 1600.57 1.0 789.0 8.0
11.83 419.15 1594.48 1.0 771.0 8.0
29.29 647.1 1533.12 3.0 208.0 7.0
14.86 589.18 1658.21 1.0 98.0 4.0
8.13 377.78 1509.08 3.0 95.0 6.0
18.63 416.22 1394.24 0.0 537.0 5.0
12.69 349.55 1320.31 1.0 646.0 5.0
10.8 528.98 1454.2 2.0 112.0 4.0
30.4 477.24 1654.66 2.0 497.0 7.0
17.58 522.25 1049.75 0.0 252.0 3.0
8.94 572.04 1934.1 0.0 806.0 3.0
12.73 474.39 1797.06 0.0 484.0 5.0
19.52 512.18 807.1 3.0 336.0 3.0
14.85 352.93 1306.4 0.0 313.0 6.0
11.08 425.47 1609.21 1.0 696.0 7.0
13.94 515.85 1508.65 3.0 203.0 7.0
13.29 405.18 1216.95 3.0 395.0 5.0
9.34 550.68 1597.94 1.0 879.0 7.0
28.06 816.95 1175.56 0.0 555.0 3.0
10.47 314.48 1800.98 2.0 318.0 3.0
29.01 620.49 2096.78 1.0 934.0 8.0
17.83 526.87 896.41 2.0 718.0 6.0
14.74 356.28 1726.38 2.0 317.0 9.0
21.54 642.73 1325.43 0.0 799.0 5.0
9.65 539.96 1576.8 0.0 702.0 6.0
22.41 157.4 1863.39 3.0 862.0 8.0
15.21 521.65 1963.98 2.0 957.0 4.0
21.34 543.34 1632.23 3.0 224.0 4.0
9.8 263.3 1599.61 3.0 838.0 8.0
8.0 310.29 1563.27 2.0 562.0 3.0
21.16 560.29 682.87 3.0 242.0 9.0
15.22 434.15 968.48 2.0 369.0 6.0
