11.85 630.94 1567.3 2.0 1092.0 7.0
10.43 535.59 1592.8 4.0 608.0 9.0
8.45 773.75 1627.06 4.0 888.0 4.0
17.88 617.51 2169.73 0.0 729.0 3.0
18.39 523.71 2244.98 3.0 591.0 4.0
7.87 420.63 1521.96 4.0 1306.0 5.0
22.86 536.07 1746.02 4.0 849.0 4.0
15.03 250.14 1202.74 4.0 62.0 8.0
13.05 654.5 1310.66 0.0 163.0 6.0
14.22 219.59 2045.01 3.0 729.0 4.0
12.27 504.69 1038.49 2.0 509.0 3.0
8.29 550.59 1263.67 3.0 674.0 7.0
13.22 353.59 1299.42 0.0 1428.0 3.0
17.85 720.16 1523.49 1.0 637.0 6.0
17.37 332.94 1054.9 3.0 150.0 3.0
8.69 528.88 1672.83 0.0 1248.0 3.0
8.92 516.52 1693.67 2.0 948.0 9.0
20.24 259.19 907.19 3.0 1103.0 7.0
6.73 361.67 2710.6 4.0 736.0 7.0
13.41 338.0 2069.95 0.0 272.0 7.0
20.3 589.39 1279.41 1.0 1449.0 9.0
19.51 520.11 1541.81 1.0 362.0 7.0
12.07 480.9 1933.35 1.0 83.0 7.0
11.2 246.78 1610.5 1.0 694.0 5.0
12.7 285.25 1660.22 1.0 90.0 7.0
15.56 739.34 2249.55 1.0 159.0 9.0
6.93 711.15 2258.57 3.0 1197.0 4.0
16.57 620.65 1950.4 4.0 875.0 4.0
20.11 477.56 1163.21 4.0 926.0 7.0
13.39 557.58 1897.77 3.0 1426.0 6.0
27.58 413.44 1595.71 3.0 803.0 7.0
12.24 519.19 1517.72 0.0 998.0 3.0
24.23 482.25 1272.06 0.0 936.0 4.0
27.12 480.74 1220.61 0.0 992.0 5.0
22.56 488.03 1278.83 2.0 1155.0 3.0
11.13 277.23 1566.29 4.0 1323.0 8.0
8.19 343.28 1363.86 0.0 1359.0 7.0
9.39 135.65 1681.94 2.0 519.0 9.0
19.79 672.7 618.64 2.0 1282.0 9.0
15.09 524.61 1573.19 4.0 891.0 9.0
18.7 697.06 1120.05 4.0 885.0 9.0
12.08 804.38 876.78 1.0 1364.0 7.0
11.9 525.61 1931.56 0.0 411.0 3.0
8.48 723.4 1330.52 4.0 744.0 9.0
24.02 515.08 1598.29 2.0 1180.0 4.0
18.9 415.97 1371.97 2.0 158.0 6.0
21.29 711.18 1120.98 3.0 1013.0 3.0
19.03 442.96 1407.73 4.0 903.0 7.0
27.23 480.28 1075.2 3.0 689.0 5.0
29.35 273.36 1727.46 3.0 779.0 7.0
12.7 664.57 817.99 4.0 362.0 9.0
22.76 581.19 1364.88 2.0 1101.0 5.0
9.35 329.85 1367.54 1.0 395.0 9.0
8.74 400.1 1520.04 3.0 683.0 6.0
18.04 536.51 1386.4 0.0 1130.0 5.0
25.81 579.46 781.39 2.0 1203.0 9.0
14.9 752.83 1086.27 4.0 736.0 4.0
7.54 584.85 677.95 1.0 168.0 8.0
22.88 332.68 1800.18 4.0 624.0 3.0
14.29 593.8 1496.9 2.0 257.0 3.0
17.72 637.97 851.92 3.0 899.0 9.0
29.78 614.87 1269.17 4.0 924.0 7.0
17.69 598.2 994.22 3.0 235.0 3.0
15.51 681.62 2228.15 2.0 910.0 3.0
12.04 686.47 1988.19 0.0 1272.0 4.0
23.86 486.57 1117.95 4.0 1002.0 6.0
20.87 474.91 1653.82 3.0 1240.0 6.0
14.84 841.54 1635.91 0.0 717.0 9.0
9.95 374.62 1146.71 2.0 1206.0 5.0
24.55 557.76 818.83 3.0 632.0 8.0
18.75 588.83 2047.19 4.0 1402.0 6.0
17.01 438.33 1351.84 0.0 1443.0 7.0
15.49 485.83 1646.87 3.0 1401.0 9.0
19.81 645.18 1803.41 3.0 246.0 6.0
11.86 303.24 1531.31 2.0 1265.0 8.0
22.15 740.31 1453.81 4.0 1499.0 6.0
21.0 424.01 900.1 4.0 1105.0 3.0
17.01 693.34 1447.51 2.0 1443.0 6.0
14.12 651.66 1640.54 4.0 1467.0 9.0
19.63 751.83 1385.39 0.0 584.0 6.0
16.41 623.11 1548.63 2.0 662.0 6.0
19.46 696.35 2214.55 3.0 141.0 5.0
18.34 273.0 1610.43 3.0 355.0 7.0
13.54 472.51 1980.0 4.0 806.0 4.0
12.77 297.74 2133.16 2.0 601.0 5.0
14.78 567.66 2024.35 0.0 1370.0 6.0
26.81 267.02 1139.95 3.0 958.0 3.0
17.75 492.75 482.5 0.0 1212.0 7.0
18.56 674.15 1259.82 2.0 101.0 8.0
12.84 721.19 959.37 2.0 939.0 7.0
19.0 308.2 1818.82 0.0 554.0 5.0
23.74 446.87 1817.94 2.0 217.0 8.0
12.93 465.39 1181.35 0.0 774.0 7.0
17.78 551.84 2105.63 4.0 1448.0 5.0
6.89 792.94 1243.19 1.0 744.0 4.0
23.45 377.45 1343.54 0.0 739.0 5.0
14.54 325.68 1158.87 4.0 966.0 7.0
19.53 544.23 1448.2 4.0 125.0 8.0
13.12 553.08 1305.53 4.0 1494.0 8.0
22.07 505.3 1564.8 0.0 168.0 9.0
17.14 526.19 1957.5 4.0 364.0 3.0
22.86 612.4 1552.14 0.0 527.0 8.0
12.12 556.15 1625.42 4.0 584.0 8.0
12.68 433.8 1024.41 3.0 843.0 5.0
17.42 667.38 1500.02 3.0 257.0 4.0
14.56 287.73 1681.63 2.0 140.0 7.0
22.72 455.18 1460.12 0.0 728.0 9.0
25.63 410.02 1683.37 0.0 903.0 5.0
13.25 578.71 1337.86 1.0 1213.0 9.0
12.06 737.54 1834.85 3.0 879.0 9.0
25.82 400.99 381.82 4.0 993.0 3.0
31.58 341.57 1432.53 3.0 676.0 8.0
14.73 697.55 1676.32 1.0 562.0 4.0
15.69 379.79 1473.76 0.0 329.0 7.0
13.75 446.59 492.6 0.0 1032.0 3.0
10.41 623.6 989.25 2.0 494.0 3.0
13.75 445.87 1746.58 4.0 1011.0 5.0
12.28 454.5 1304.4 1.0 1078.0 4.0
8.24 707.28 878.95 1.0 986.0 3.0
17.15 425.59 823.48 0.0 1498.0 6.0
18.87 637.96 2206.95 3.0 84.0 8.0
9.29 786.72 1693.71 3.0 507.0 6.0
17.09 699.53 2169.19 3.0 125.0 7.0
15.1 800.0 942.31 1.0 369.0 4.0
18.59 594.09 1241.7 2.0 906.0 4.0
19.76 445.62 1788.48 4.0 785.0 7.0
17.74 333.04 1890.28 1.0 788.0 4.0
20.46 641.0 1199.41 1.0 373.0 8.0
19.62 330.74 1606.6 4.0 57.0 4.0
8.33 78.87 1460.25 4.0 685.0 7.0
12.4 912.11 894.87 4.0 1497.0 7.0
20.04 561.55 1491.04 2.0 521.0 9.0
18.87 585.67 1579.53 2.0 1099.0 3.0
18.12 621.19 1540.82 4.0 993.0 8.0
8.11 359.16 1438.06 2.0 832.0 3.0
23.4 360.76 1116.12 3.0 715.0 6.0
10.87 544.62 2188.07 0.0 1105.0 4.0
25.11 839.67 1388.79 4.0 968.0 3.0
11.03 443.82 2103.87 0.0 399.0 5.0
6.93 271.58 2136.09 2.0 1054.0 6.0
13.64 567.31 1641.16 4.0 458.0 9.0
24.03 409.3 1766.77 0.0 1362.0 5.0
9.56 414.23 611.85 1.0 1087.0 9.0
23.63 604.4 2096.4 2.0 361.0 7.0
25.24 484.49 858.41 0.0 962.0 6.0
14.97 295.77 1224.86 0.0 669.0 5.0
25.76 450.99 783.5 3.0 481.0 5.0
10.25 441.68 2169.16 3.0 689.0 5.0
14.51 637.95 879.91 4.0 64.0 6.0
17.57 624.7 2024.64 1.0 382.0 5.0
