819.7052600000001 14299.81179
820.7758200000002 14179.744790000004
821.80832 13764.49411
830.8636600000001 13496.166429999997
830.29366 13750.217019999996
819.13526 14528.189579999997
820.2649999999998 14244.349989999999
821.5588600000001 14102.998390000004
840.0582399999998 12772.315439999997
848.2312399999997 12147.285799999992
840.3886399999998 12546.205239999994
840.5707 12277.046879999993
839.1358999999999 13014.676539999993
838.4818999999999 13148.563479999992
840.5407 12462.220179999995
838.5071399999998 13046.304379999992
858.9451 11776.582129999992
863.9959399999998 11519.498999999994
840.0582399999997 12907.724559999993
