16.07 849.54 1726.68 1.0 312.0 5.0
19.76 662.08 1698.21 0.0 289.0 9.0
21.7 362.99 1577.85 2.0 62.0 8.0
15.73 330.47 2081.63 0.0 447.0 3.0
12.25 396.33 1676.75 0.0 381.0 8.0
15.07 505.23 1551.17 0.0 155.0 7.0
19.9 345.54 1521.28 2.0 219.0 6.0
24.79 296.22 1026.87 2.0 320.0 6.0
20.75 309.96 1283.78 0.0 403.0 4.0
16.86 381.64 1993.84 0.0 439.0 9.0
8.05 536.14 1403.54 1.0 76.0 6.0
12.58 590.49 1576.85 1.0 232.0 8.0
21.95 367.28 1321.87 1.0 252.0 3.0
25.5 539.99 1913.21 1.0 374.0 8.0
27.15 270.5 1657.79 0.0 128.0 3.0
14.72 400.82 1381.2 0.0 106.0 9.0
10.81 235.31 1992.16 2.0 208.0 5.0
13.14 717.46 1118.2 2.0 247.0 5.0
13.45 456.63 1925.11 1.0 283.0 9.0
14.74 499.83 1786.47 2.0 200.0 5.0
28.33 483.46 1833.9 0.0 449.0 9.0
10.82 407.51 1470.0 2.0 89.0 4.0
26.34 370.6 1641.03 0.0 226.0 9.0
28.96 500.85 1808.76 2.0 111.0 5.0
18.6 561.99 2016.35 0.0 388.0 3.0
