919.18282 18020.611080000006
918.3648200000001 19641.02264000001
930.0895500000003 14570.230460000006
937.6522799999999 14261.526760000004
929.5295500000002 14621.55706000001
937.3022799999999 14282.778160000005
956.1650799999999 14189.922020000002
921.4993799999999 15659.287640000008
928.8895500000001 14627.726060000005
920.52045 16530.011100000007
920.50045 17212.274289999998
924.3154500000003 14675.894660000005
923.1154500000001 14733.390260000006
922.9954500000001 14878.131080000012
922.99545 15013.506190000007
920.86938 15975.119000000006
936.7822799999999 14384.737680000007
923.11545 14756.354620000007
