23.49 507.46 1237.37 2.0 949.0 4.0
15.51 793.03 1944.24 0.0 929.0 9.0
13.05 527.77 2631.19 3.0 1055.0 3.0
12.87 438.47 1983.31 0.0 364.0 6.0
14.37 591.94 1469.01 3.0 1006.0 3.0
29.52 373.11 1697.13 2.0 817.0 9.0
17.32 671.7 1859.77 0.0 861.0 5.0
19.42 517.87 2012.16 0.0 112.0 6.0
20.07 516.83 1534.34 1.0 886.0 6.0
15.84 733.41 1657.48 0.0 462.0 3.0
9.14 223.57 1250.97 2.0 1035.0 6.0
19.36 481.09 1863.94 0.0 63.0 5.0
14.76 567.86 1579.62 3.0 588.0 3.0
25.52 545.11 2386.57 1.0 320.0 7.0
11.4 367.36 2176.73 2.0 69.0 8.0
9.3 373.95 1659.52 0.0 734.0 8.0
21.91 594.23 1238.23 3.0 730.0 9.0
14.24 517.91 1628.14 1.0 178.0 8.0
21.08 403.96 1497.77 3.0 580.0 5.0
17.74 747.46 1438.86 2.0 476.0 7.0
14.95 425.52 1841.32 0.0 790.0 6.0
14.8 477.88 1565.57 2.0 426.0 7.0
24.45 492.0 850.11 0.0 371.0 8.0
15.4 519.31 1902.06 0.0 538.0 3.0
21.77 542.86 872.51 0.0 134.0 5.0
21.57 686.84 1756.94 0.0 1053.0 4.0
13.8 512.98 1008.36 0.0 345.0 3.0
9.45 625.23 1322.31 3.0 116.0 5.0
9.48 381.61 1598.35 3.0 713.0 5.0
11.52 726.34 1469.02 3.0 148.0 6.0
13.41 449.09 2316.57 0.0 725.0 9.0
12.21 678.28 1596.93 3.0 552.0 4.0
10.27 454.75 1545.26 3.0 893.0 9.0
9.9 666.23 791.92 2.0 104.0 4.0
21.59 339.24 1879.49 0.0 984.0 3.0
20.38 209.57 1719.21 1.0 80.0 3.0
9.93 476.17 1069.31 1.0 635.0 6.0
21.47 248.67 2071.36 2.0 935.0 7.0
28.32 249.24 780.48 1.0 322.0 7.0
26.85 308.16 707.75 2.0 426.0 4.0
21.49 400.95 1563.93 2.0 540.0 5.0
13.2 475.04 1494.26 0.0 404.0 8.0
11.54 482.88 1974.46 1.0 76.0 6.0
20.63 387.96 1883.26 3.0 182.0 6.0
15.02 284.86 1258.79 0.0 570.0 4.0
8.64 536.28 2436.88 0.0 295.0 6.0
18.46 504.85 1022.06 1.0 561.0 5.0
15.43 639.0 1695.43 3.0 607.0 5.0
11.28 501.67 1760.18 1.0 695.0 9.0
16.59 471.27 1055.04 3.0 853.0 8.0
28.52 455.29 764.78 0.0 911.0 4.0
18.96 458.36 1408.77 3.0 118.0 9.0
16.87 511.64 1756.15 3.0 76.0 6.0
12.16 183.14 1582.0 1.0 299.0 7.0
8.98 583.53 669.67 3.0 241.0 3.0
17.86 422.89 1759.83 0.0 650.0 8.0
21.13 582.78 1720.63 3.0 1060.0 4.0
9.55 692.56 1321.03 3.0 496.0 8.0
10.81 317.9 1987.3 2.0 198.0 5.0
28.73 548.86 1542.64 3.0 654.0 5.0
20.39 554.55 534.89 3.0 278.0 6.0
25.79 349.7 1984.03 3.0 272.0 5.0
7.89 629.27 1832.77 0.0 1079.0 8.0
18.61 288.55 2087.2 2.0 81.0 8.0
17.9 513.74 1378.67 0.0 659.0 7.0
21.52 660.52 1375.15 0.0 589.0 7.0
23.03 491.1 1385.66 3.0 697.0 4.0
19.35 501.67 1275.15 0.0 855.0 3.0
19.58 485.97 1701.77 3.0 425.0 7.0
17.12 614.22 1841.63 1.0 917.0 9.0
19.12 546.89 1913.54 3.0 711.0 6.0
25.19 649.17 1032.16 1.0 665.0 4.0
16.16 676.0 1168.91 0.0 834.0 3.0
14.08 264.47 1704.51 3.0 96.0 7.0
20.17 432.98 1666.34 0.0 1038.0 3.0
30.51 314.11 1568.37 0.0 951.0 3.0
8.95 278.19 1607.14 3.0 609.0 5.0
18.68 675.8 2051.01 2.0 953.0 5.0
11.62 477.9 1155.11 1.0 1018.0 6.0
15.64 404.67 1533.87 1.0 69.0 5.0
17.65 244.47 1497.4 3.0 813.0 5.0
21.3 522.5 1470.12 0.0 178.0 6.0
17.76 739.39 1394.14 0.0 981.0 4.0
6.55 374.2 1451.86 2.0 641.0 4.0
12.26 446.19 1678.93 2.0 188.0 8.0
23.93 646.59 1775.18 3.0 551.0 7.0
26.6 927.69 1764.14 0.0 384.0 8.0
21.51 203.31 2145.52 3.0 391.0 5.0
13.92 438.76 1350.98 2.0 683.0 4.0
13.22 414.47 1750.98 0.0 780.0 4.0
