1584.3724000000004 57882.47921999997
1581.3597000000002 60345.48861999998
1604.6718 56225.29317999997
1584.6662000000001 57802.448719999964
1604.7918 56162.23747999997
1583.9261999999999 58364.445119999975
1592.961 56601.68763999999
1592.8410000000001 56666.21037999998
1584.2562000000003 58165.77561999998
1584.7962000000002 57694.736419999965
1609.5027999999998 56094.52887999997
1596.497 56463.07177999998
1601.4579999999999 56269.11417999998
1592.9710000000002 56557.328079999985
1609.6228 56032.51317999997
1601.588 56234.14477999998
1609.7628 55950.54717999997
1583.9024000000004 58453.940019999995
1590.4302000000005 56675.06197999997
1589.4402000000002 57226.76441999996
1596.6270000000002 56355.35947999998
1589.8602000000003 56715.30397999997
1589.3902000000003 57340.12231999997
1589.7588099999996 56927.90947999997
1609.6327999999999 55986.686579999965
1604.8018000000002 56114.943839999985
1596.0870000000002 56543.10227999997
