5.91 547.36 1734.89 2.0 1246.0 4.0
19.09 336.19 1704.66 4.0 1887.0 7.0
14.56 568.84 1489.07 4.0 352.0 5.0
21.81 403.41 2579.66 1.0 1762.0 8.0
17.1 440.08 1621.25 4.0 780.0 4.0
24.58 460.27 1311.12 4.0 722.0 7.0
15.01 333.12 1756.41 4.0 353.0 5.0
9.63 472.47 912.87 4.0 934.0 3.0
18.09 550.99 1611.52 2.0 507.0 7.0
27.35 112.47 1207.01 4.0 1398.0 5.0
21.57 562.74 1587.48 4.0 107.0 7.0
27.26 654.93 2175.26 2.0 763.0 7.0
17.75 524.87 1362.44 4.0 825.0 5.0
13.66 307.57 1263.11 5.0 122.0 8.0
14.63 454.07 1507.78 4.0 434.0 9.0
16.01 579.58 1353.77 1.0 469.0 8.0
25.84 400.32 1152.43 2.0 830.0 7.0
18.52 199.3 1385.36 0.0 199.0 5.0
15.78 379.03 2036.0 2.0 908.0 7.0
8.92 472.21 1682.21 4.0 382.0 6.0
25.81 697.47 1193.96 3.0 1274.0 9.0
13.91 718.06 2191.74 3.0 1536.0 6.0
11.33 434.11 1635.71 5.0 652.0 8.0
10.38 620.87 1132.53 0.0 577.0 6.0
14.85 505.51 941.93 3.0 1430.0 7.0
11.54 364.06 1334.83 0.0 800.0 4.0
17.0 859.19 1469.18 2.0 1397.0 4.0
19.33 485.72 950.91 4.0 1331.0 4.0
29.53 787.81 1723.31 0.0 1746.0 7.0
26.56 467.88 2113.45 3.0 197.0 7.0
13.22 151.24 1550.22 0.0 604.0 8.0
18.12 334.38 1696.42 0.0 521.0 8.0
21.34 503.76 1812.36 4.0 830.0 9.0
9.66 607.79 1404.87 2.0 1136.0 4.0
20.21 346.33 1211.22 2.0 418.0 4.0
11.83 503.21 1815.33 1.0 1833.0 5.0
14.38 671.68 1387.28 0.0 1782.0 8.0
13.21 540.0 998.53 3.0 742.0 8.0
9.03 501.26 2027.29 1.0 1861.0 6.0
18.25 245.01 1432.85 2.0 1743.0 4.0
17.02 616.26 934.36 2.0 1305.0 9.0
21.59 573.56 988.89 3.0 1268.0 8.0
15.13 522.67 1382.5 1.0 587.0 6.0
13.13 225.68 1528.95 3.0 1568.0 9.0
13.0 820.14 1023.26 4.0 1878.0 5.0
13.08 301.73 1506.2 4.0 991.0 6.0
15.82 386.14 1906.82 0.0 1857.0 5.0
15.53 302.71 1469.94 0.0 1384.0 8.0
20.81 569.8 1332.7 1.0 374.0 7.0
12.68 557.15 1744.95 3.0 1775.0 9.0
6.23 454.25 1584.7 5.0 895.0 7.0
14.64 312.06 2010.42 3.0 1570.0 3.0
17.42 371.47 1244.47 1.0 702.0 4.0
7.92 264.32 966.11 2.0 271.0 5.0
9.82 630.58 1963.66 0.0 1209.0 3.0
33.74 486.27 1300.87 5.0 1793.0 4.0
24.71 697.83 1527.61 0.0 999.0 3.0
24.65 664.23 1510.95 0.0 1271.0 6.0
19.21 271.63 1547.93 5.0 580.0 3.0
27.4 464.22 1843.19 1.0 956.0 8.0
11.2 355.01 1663.26 4.0 1697.0 7.0
10.57 499.57 1704.88 0.0 1549.0 6.0
18.93 243.75 1512.73 4.0 1875.0 6.0
9.54 197.35 609.65 4.0 1638.0 3.0
16.14 435.12 1946.09 2.0 1260.0 8.0
17.76 543.89 2266.39 2.0 735.0 5.0
18.3 218.39 1971.61 0.0 1884.0 4.0
14.54 878.27 609.63 0.0 1613.0 7.0
9.14 512.43 1525.56 0.0 735.0 9.0
11.44 599.71 1641.56 3.0 1568.0 9.0
14.77 564.6 1432.82 2.0 681.0 4.0
17.4 381.06 1680.5 0.0 905.0 7.0
14.82 279.5 1476.68 3.0 1673.0 3.0
8.08 521.84 1169.23 4.0 1405.0 5.0
18.25 681.76 1348.68 3.0 1093.0 9.0
6.66 546.76 2531.39 4.0 269.0 9.0
8.23 505.61 1548.45 4.0 1269.0 5.0
13.8 251.87 1723.11 0.0 954.0 5.0
5.71 512.1 1828.82 4.0 1721.0 3.0
12.64 285.44 886.51 4.0 1062.0 7.0
22.51 506.41 1678.42 2.0 451.0 5.0
18.44 187.2 1781.53 1.0 817.0 5.0
8.52 239.77 1560.77 5.0 514.0 5.0
14.9 642.53 1309.7 3.0 372.0 6.0
22.16 412.93 657.49 3.0 1396.0 8.0
22.85 596.57 1641.07 3.0 272.0 3.0
12.2 514.49 1609.54 4.0 673.0 7.0
26.92 276.33 1498.21 3.0 105.0 6.0
33.68 947.37 1391.2 3.0 203.0 6.0
9.06 509.47 1552.3 0.0 1154.0 8.0
12.53 574.69 1883.29 5.0 1217.0 9.0
19.3 387.7 1150.75 5.0 877.0 9.0
21.32 304.18 1388.94 4.0 1370.0 7.0
21.47 338.4 1613.92 2.0 806.0 3.0
17.55 715.21 1560.4 2.0 1468.0 6.0
19.67 323.63 1668.45 0.0 1668.0 4.0
11.65 646.8 1122.21 2.0 574.0 7.0
8.48 485.37 2497.19 2.0 328.0 4.0
20.74 630.98 1371.29 0.0 589.0 9.0
25.21 512.14 591.61 3.0 749.0 7.0
21.91 573.26 1740.25 1.0 397.0 4.0
26.29 574.52 1617.65 2.0 580.0 6.0
20.29 549.01 1229.91 2.0 1441.0 4.0
31.95 484.05 1530.75 0.0 1362.0 4.0
10.61 282.73 1715.64 0.0 855.0 4.0
11.76 572.17 1893.03 0.0 1051.0 3.0
8.87 629.75 1325.66 3.0 63.0 3.0
17.09 462.5 1471.08 0.0 927.0 5.0
14.22 461.88 990.67 0.0 489.0 8.0
22.61 551.59 932.02 4.0 1692.0 6.0
13.59 442.6 2387.32 4.0 114.0 4.0
23.46 473.5 1552.67 1.0 1458.0 7.0
8.92 521.3 2641.3 2.0 76.0 4.0
30.17 509.05 718.58 3.0 163.0 5.0
11.79 710.64 1948.81 3.0 139.0 6.0
14.21 540.72 2146.18 3.0 853.0 9.0
11.1 599.0 1672.08 2.0 1114.0 3.0
18.58 479.77 1909.92 0.0 1885.0 8.0
13.57 -66.79 1743.48 1.0 300.0 8.0
9.17 448.11 922.64 2.0 1293.0 4.0
11.55 479.95 1444.12 3.0 190.0 9.0
17.97 387.49 2161.45 3.0 709.0 4.0
26.14 552.91 1775.57 3.0 457.0 7.0
22.79 467.79 1466.72 0.0 251.0 4.0
24.83 385.37 1099.32 3.0 1456.0 3.0
30.39 777.21 1415.09 3.0 1861.0 4.0
17.32 212.63 1483.89 1.0 1485.0 6.0
13.33 380.83 1621.8 2.0 1301.0 4.0
8.22 658.47 1526.77 4.0 1355.0 5.0
10.94 544.99 1348.14 1.0 300.0 4.0
12.61 781.71 1278.77 4.0 1275.0 3.0
13.47 537.22 1341.65 0.0 1154.0 4.0
17.17 488.69 1026.52 4.0 666.0 3.0
24.34 389.4 1341.01 4.0 82.0 9.0
23.88 432.54 1597.23 4.0 658.0 6.0
16.45 465.5 1006.03 1.0 615.0 6.0
14.46 447.67 843.33 4.0 1284.0 5.0
16.34 200.81 1603.19 5.0 1005.0 6.0
17.86 414.85 2075.9 2.0 1441.0 5.0
12.68 173.12 1505.51 5.0 1487.0 3.0
22.97 692.94 1435.88 4.0 561.0 5.0
28.23 559.02 1033.86 4.0 1481.0 3.0
21.64 390.19 1156.55 3.0 964.0 5.0
10.65 632.01 1863.95 4.0 357.0 4.0
16.35 462.45 1009.74 3.0 1529.0 5.0
23.61 606.12 1566.95 4.0 1699.0 8.0
32.12 344.6 1086.94 5.0 317.0 9.0
20.74 389.16 2186.12 0.0 831.0 8.0
17.2 342.69 1673.0 3.0 1003.0 7.0
16.95 645.48 1608.59 3.0 616.0 8.0
14.35 574.35 1137.03 3.0 1088.0 6.0
5.82 531.3 999.92 4.0 1745.0 8.0
17.51 217.71 980.33 1.0 1322.0 9.0
11.99 403.87 1614.27 4.0 1669.0 7.0
12.72 410.51 968.4 4.0 1095.0 6.0
30.75 205.57 2046.74 2.0 490.0 6.0
25.62 554.23 482.39 5.0 1769.0 3.0
24.56 497.53 1709.44 1.0 1503.0 5.0
12.43 482.55 1252.26 5.0 432.0 9.0
15.86 768.28 900.79 1.0 1845.0 6.0
13.17 881.02 2227.8 1.0 1096.0 4.0
23.83 607.04 1799.78 3.0 1808.0 3.0
22.96 314.77 1917.33 2.0 881.0 3.0
19.81 489.62 1257.19 2.0 1066.0 5.0
10.27 470.67 1033.88 3.0 391.0 9.0
15.0 260.04 2093.54 0.0 433.0 9.0
16.15 412.62 1148.69 2.0 114.0 6.0
17.85 621.49 1517.12 4.0 980.0 5.0
20.25 464.11 968.74 5.0 288.0 6.0
15.41 287.21 1413.11 2.0 1151.0 7.0
16.5 489.06 2042.37 1.0 1308.0 7.0
23.28 640.11 1075.04 0.0 1241.0 6.0
13.35 507.86 989.05 3.0 1855.0 8.0
9.84 479.02 1607.33 2.0 62.0 4.0
17.84 350.65 1382.13 4.0 454.0 6.0
17.39 609.85 1485.83 1.0 708.0 6.0
9.28 502.14 324.5 4.0 1544.0 5.0
26.24 355.84 1644.01 3.0 1196.0 3.0
18.87 794.91 2054.52 3.0 1232.0 4.0
9.64 433.54 1348.06 2.0 391.0 3.0
8.65 498.83 1817.56 0.0 1176.0 4.0
19.12 373.41 1099.46 3.0 1216.0 5.0
26.64 604.38 949.31 4.0 1124.0 7.0
16.38 379.76 1890.64 4.0 426.0 5.0
17.3 448.14 1772.0 1.0 888.0 7.0
22.33 481.21 1290.55 4.0 1458.0 7.0
23.07 682.33 1270.81 3.0 152.0 8.0
18.52 479.41 1321.58 1.0 785.0 3.0
12.0 357.35 2583.46 5.0 1450.0 7.0
14.29 699.45 1629.02 1.0 532.0 4.0
